377	547
303	193
309	436
341	41
227	122
289	85
303	337
268	49
457	182
190	275
276	546
298	422
349	395
175	138
327	389
395	351
314	291
297	501
295	184
290	226
345	308
320	555
320	493
305	321
286	357
373	167
501	498
47	375
251	480
440	302
484	346
131	282
330	348
159	440
311	208
420	340
276	502
157	238
148	299
339	118
384	320
141	255
145	494
399	280
338	26
427	111
253	367
285	88
567	336
461	405
263	590
285	15
242	290
111	223
370	203
464	167
352	431
300	80
383	434
349	16
213	205
459	346
292	93
302	537
273	370
518	140
146	236
119	321
470	162
310	558
290	448
251	318
264	407
292	320
286	126
226	569
328	188
437	369
160	213
186	131
505	307
286	373
350	409
214	49
153	452
281	67
279	397
351	371
347	352
368	116
135	210
302	68
253	114
364	103
401	474
275	474
258	149
447	498
399	122
216	194
361	129
353	373
83	167
229	450
360	51
392	224
299	431
295	109
332	255
328	78
282	317
253	271
261	506
232	339
228	94
450	251
285	399
269	254
284	371
271	434
259	117
468	190
330	269
453	421
323	471
129	300
271	342
324	381
364	337
371	341
420	470
323	335
424	195
172	558
298	299
330	219
313	286
131	91
344	550
152	380
475	400
330	330
227	193
249	452
327	107
272	194
297	139
341	460
282	217
199	418
299	253
228	224
347	501
353	244
555	276
105	448
436	270
216	287
325	253
281	40
316	126
315	531
159	282
333	88
256	219
422	235
263	556
440	185
314	216
262	458
300	579
387	534
360	239
269	210
98	202
267	115
341	255
366	300
300	231
335	542
262	285
393	334
373	231
275	547
317	350
226	321
240	102
396	346
183	348
451	483
337	246
337	200
297	456
378	239
214	475
336	211
300	270
81	209
378	29
281	114
205	522
349	137
495	285
332	201
422	513
231	308
304	423
183	300
301	26
445	217
304	268
413	512
348	324
336	544
272	308
287	315
528	322
257	412
392	417
313	416
244	567
291	499
481	381
320	406
245	67
291	383
243	171
294	49
232	445
74	395
165	310
374	76
435	356
241	312
211	434
206	512
196	438
267	91
234	167
299	475
143	433
365	477
18	299
293	15
533	320
360	208
355	267
361	134
256	475
211	284
264	267
314	328
343	300
290	240
334	74
251	176
444	543
394	335
260	501
317	549
406	225
301	58
302	103
386	140
282	413
150	542
303	128
427	360
273	259
284	519
287	171
158	190
452	203
333	365
231	372
472	432
297	312
230	481
368	276
360	374
309	219
313	115
303	147
348	422
494	128
444	265
395	160
150	215
266	232
203	374
324	100
110	391
304	591
273	75
308	435
260	467
400	199
282	356
312	126
149	489
319	165
307	335
346	311
266	36
148	548
182	267
300	366
282	103
328	37
422	158
441	372
331	464
468	300
377	321
213	203
335	227
307	442
404	542
147	75
206	238
469	101
414	129
300	15
401	256
375	94
399	117
334	128
409	411
295	261
108	300
348	564
106	271
388	396
301	573
315	501
141	244
239	321
269	535
133	232
181	464
33	354
270	581
104	425
307	201
306	505
551	272
395	221
419	282
300	55
264	319
441	282
438	303
293	295
152	372
300	56
262	357
279	286
347	446
368	277
417	164
177	307
285	581
430	292
293	459
252	499
137	265
428	349
209	219
214	172
309	145
279	328
523	284
409	64
352	127
331	146
335	47
169	408
396	47
300	385
276	20
295	220
298	463
277	459
411	182
223	301
365	429
287	119
176	272
110	495
248	438
464	356
393	213
353	87
293	459
215	526
257	331
291	184
362	260
473	167
118	199
310	222
239	174
235	377
379	370
317	351
306	120
297	205
292	203
297	317
330	263
301	242
467	301
84	201
233	522
302	379
419	535
188	376
428	131
490	451
185	264
178	470
320	274
492	252
308	259
93	332
471	381
296	570
204	300
331	222
316	302
322	475
287	134
507	423
405	192
133	145
244	12
275	203
365	456
339	344
188	308
316	255
173	300
465	402
300	390
365	414
238	52
300	405
119	363
350	459
389	232
283	566
207	308
264	264
289	238
293	558
355	452
342	306
470	450
304	309
235	286
277	166
170	391
322	234
324	521
316	324
204	411
342	137
448	540
459	316
340	81
354	431
507	196
419	71
294	439
248	339
245	300
306	259
226	312
351	479
276	96
264	60
191	295
121	346
262	491
295	551
300	515
316	316
313	151
318	310
193	515
282	575
384	378
227	471
315	385
438	129
404	198
53	235
268	44
292	85
325	372
219	300
211	223
248	121
223	112
385	374
400	427
390	484
340	470
417	355
196	452
489	218
167	432
261	380
379	90
210	228
215	382
115	491
232	116
316	445
235	525
414	420
270	429
193	360
341	114
193	200
371	465
512	322
384	435
449	66
334	490
295	501
318	256
465	188
465	329
254	20
316	255
334	165
305	136
225	260
294	106
313	431
382	305
287	392
129	341
206	350
413	123
300	311
360	399
300	211
180	302
239	153
406	115
132	393
267	287
302	293
267	524
234	197
291	544
294	374
386	265
430	216
270	520
483	232
246	478
244	98
306	431
228	278
416	252
337	252
323	492
273	300
309	488
316	93
274	359
188	320
340	346
274	194
359	372
302	499
146	167
276	197
231	223
128	323
150	80
299	480
301	104
494	188
355	352
389	296
183	498
307	19
330	65
298	489
274	489
201	186
186	375
284	260
294	514
292	310
280	135
285	112
222	341
291	115
274	501
160	260
279	361
333	283
297	341
284	384
327	489
158	306
221	410
241	174
294	260
399	253
313	542
338	225
421	103
288	213
246	337
479	291
343	450
300	86
309	270
235	387
386	326
406	226
371	220
499	217
432	410
260	349
291	407
165	374
485	232
374	428
347	99
334	185
225	325
169	344
55	320
244	307
303	555
329	164
299	214
312	12
41	381
425	373
325	175
179	350
455	74
354	449
270	166
125	236
364	540
96	246
197	293
374	430
301	236
283	280
394	264
272	14
574	410
379	152
285	373
209	512
224	178
321	267
417	426
280	403
535	418
377	346
258	44
493	453
303	281
297	216
259	125
100	380
341	296
287	453
394	500
385	63
313	356
535	406
167	466
340	16
289	266
426	273
36	289
407	167
311	57
277	353
197	382
418	325
319	438
507	294
191	398
48	176
356	282
313	297
317	124
420	38
68	336
228	100
276	445
189	222
177	539
550	321
260	159
394	175
338	285
223	219
309	551
361	353
145	185
221	413
269	157
297	249
38	267
316	226
141	384
317	433
303	16
340	392
243	358
284	114
287	122
75	354
411	344
283	487
282	181
485	465
339	233
201	347
312	346
330	402
135	301
244	328
336	417
396	381
346	372
295	476
505	186
301	163
324	362
334	449
447	342
369	300
349	206
281	381
291	257
467	392
214	530
234	157
301	270
199	233
188	85
116	151
248	148
259	113
445	471
337	50
318	380
264	466
383	171
159	114
482	396
225	429
351	252
396	506
278	192
490	259
330	183
225	466
366	251
267	278
273	106
312	320
299	190
298	114
222	340
261	489
300	538
417	268
282	279
373	222
496	289
339	292
415	292
312	440
291	181
294	405
271	58
229	267
316	389
116	260
376	93
489	322
276	226
248	201
479	505
422	223
321	438
169	321
216	351
305	202
457	417
260	395
505	363
378	537
306	112
188	301
252	465
236	487
147	374
263	281
191	320
314	70
164	347
287	170
433	158
462	321
300	305
490	342
174	299
273	148
299	207
406	105
424	252
248	217
336	474
289	145
321	539
387	322
282	203
166	104
328	440
319	396
204	310
301	95
522	393
297	231
331	256
124	400
259	424
287	563
273	469
365	342
195	188
254	179
304	265
198	287
300	44
61	211
326	512
309	452
326	164
145	237
149	159
370	299
300	439
278	369
285	367
326	338
426	437
373	466
270	431
372	70
230	455
259	246
205	142
266	208
293	296
225	111
317	576
300	11
456	304
292	543
329	463
286	213
230	569
308	552
131	198
280	322
321	79
191	326
292	56
298	494
290	521
445	327
242	558
295	464
470	276
552	182
291	306
237	274
402	465
317	319
334	447
327	216
520	325
281	507
293	302
238	219
405	237
382	107
355	98
218	459
307	190
317	234
475	348
192	303
252	79
368	421
342	140
284	491
279	287
302	126
373	331
131	379
260	388
162	488
266	363
451	205
343	72
173	421
27	312
380	563
419	253
237	220
483	88
267	595
161	375
294	232
200	407
477	114
162	444
236	441
318	166
393	166
294	419
439	197
178	350
161	479
476	292
324	334
255	413
159	226
188	259
293	353
107	137
237	227
292	196
241	347
160	164
357	545
363	334
358	388
342	295
153	457
268	312
382	169
338	391
294	77
434	359
281	185
327	404
382	296
304	350
100	338
256	314
182	535
305	422
102	272
325	328
338	278
362	281
393	443
308	422
311	325
394	176
236	236
216	21
293	479
295	580
424	466
309	424
297	592
466	322
310	212
311	10
344	212
283	177
75	429
31	323
160	441
208	382
277	267
93	432
300	424
262	248
283	24
436	259
158	267
293	446
101	133
150	93
207	291
303	475
321	240
360	412
340	380
187	369
352	230
342	163
70	216
374	502
348	311
307	298
475	469
449	377
475	266
417	93
339	330
208	388
327	245
453	301
291	404
323	512
133	281
419	142
309	523
479	375
213	258
292	509
187	232
187	313
390	499
499	301
136	192
232	371
439	64
301	216
224	498
543	318
475	426
464	189
165	354
396	266
305	395
534	293
359	529
148	403
281	50
421	283
55	341
235	300
350	57
404	421
397	316
281	342
308	195
286	575
113	388
439	278
264	81
193	353
449	168
265	224
248	514
402	351
381	297
303	456
353	172
198	109
508	345
273	213
458	174
164	520
290	104
76	339
545	255
229	498
347	118
244	544
138	370
238	158
320	50
280	345
480	278
303	553
219	235
356	352
258	472
318	36
299	462
533	205
181	269
408	356
340	31
260	526
274	354
106	437
312	496
418	176
296	311
180	230
253	255
318	145
425	522
577	294
314	333
256	374
182	329
455	97
376	115
315	219
304	546
220	554
101	289
342	336
297	351
230	358
380	459
230	419
467	460
334	417
145	457
300	159
345	56
181	210
177	236
321	244
255	474
272	283
331	387
339	36
407	420
262	73
153	234
346	49
62	207
128	398
318	300
344	496
542	375
531	229
374	71
290	239
431	406
300	131
299	303
231	276
298	317
320	530
297	541
178	397
303	276
544	389
303	45
351	323
302	402
351	490
295	458
186	379
455	358
507	196
381	279
258	427
287	179
445	392
211	94
196	357
352	216
525	333
233	486
275	293
386	282
366	480
397	259
305	89
344	541
272	367
327	309
483	216
430	307
448	297
340	130
391	347
266	489
344	215
273	304
416	110
300	246
286	396
110	119
207	509
212	405
285	94
430	195
368	488
415	402
317	232
300	323
323	407
398	534
325	148
99	291
36	298
176	233
298	394
252	263
239	375
199	157
459	97
134	190
216	534
247	558
120	257
555	351
434	417
304	226
330	477
350	293
463	248
325	453
243	307
242	104
278	479
247	269
406	314
300	259
316	253
288	140
327	171
493	106
344	355
159	463
338	554
279	60
455	300
415	349
181	138
125	125
334	570
321	387
330	347
324	271
227	438
491	338
303	140
464	254
396	357
308	453
351	315
290	187
483	205
226	19
405	266
253	184
269	103
458	505
299	319
211	177
273	323
237	107
301	156
380	516
230	176
332	154
297	503
301	213
312	503
259	425
229	279
274	273
261	168
432	323
324	492
300	360
157	95
250	307
277	495
299	556
292	116
378	538
145	213
240	22
546	401
288	594
365	144
297	201
165	110
477	332
293	251
465	405
287	353
491	270
352	297
235	256
312	51
388	466
271	375
312	564
410	186
301	332
385	42
302	387
219	202
311	104
343	215
217	286
507	280
455	256
235	292
111	257
460	421
483	162
228	279
196	334
301	337
430	112
513	389
150	300
262	213
300	293
408	390
242	389
292	217
274	336
298	246
253	206
285	83
210	366
331	88
513	148
191	411
316	483
92	323
447	143
265	559
325	320
411	242
312	366
128	242
310	213
383	262
124	194
540	415
295	519
481	380
439	123
273	175
344	123
102	112
288	501
304	557
218	247
218	75
399	382
375	549
491	430
297	529
229	486
303	274
303	92
200	175
233	163
250	264
214	494
228	342
259	458
184	351
272	231
392	440
410	321
433	393
244	118
297	222
159	230
407	442
91	147
498	336
481	178
475	248
292	91
294	240
444	414
305	110
280	585
111	408
566	244
423	176
308	334
235	167
336	213
309	265
277	186
326	200
212	271
274	153
327	503
292	151
271	518
329	322
254	191
314	223
248	301
303	109
335	372
317	551
204	163
340	439
309	381
365	391
205	178
367	175
294	172
382	317
282	228
335	384
175	327
295	195
171	425
315	284
324	110
371	333
294	56
345	82
397	554
379	152
295	264
306	146
337	59
262	207
459	450
218	235
281	517
211	194
131	173
326	103
274	184
241	485
421	54
553	272
231	151
386	313
340	367
186	395
24	220
299	319
306	333
309	298
267	72
428	225
292	572
301	223
456	254
308	350
488	477
387	336
199	125
438	176
271	331
167	436
249	144
305	292
276	290
173	451
192	414
345	519
297	469
333	190
87	272
256	421
454	500
467	221
333	297
191	453
91	317
221	199
76	253
194	247
401	280
128	289
344	119
375	299
434	325
428	435
328	465
300	184
534	156
376	233
176	387
281	547
297	290
299	134
336	439
219	214
232	209
298	471
310	420
304	344
326	80
312	573
420	391
264	238
339	144
290	321
175	293
105	360
129	456
278	269
185	93
331	383
156	435
290	57
342	329
273	263
244	242
337	150
293	81
209	351
353	320
577	274
326	551
119	343
255	138
322	448
198	385
206	46
380	90
311	137
483	256
393	111
517	326
490	246
234	161
236	359
124	323
442	430
296	309
222	491
250	176
151	157
416	516
343	514
279	132
170	446
393	335
371	319
347	62
218	260
300	433
424	304
333	342
310	525
302	558
296	351
320	303
116	158
206	175
308	495
158	163
408	395
310	277
401	248
489	475
347	191
359	347
276	290
300	344
272	501
271	516
334	209
270	297
322	240
243	354
307	391
384	105
300	356
44	322
310	145
347	508
85	437
300	304
361	130
291	275
108	210
458	267
270	351
343	391
427	531
325	307
216	300
274	358
298	269
295	591
266	235
116	135
231	529
287	412
339	113
366	368
276	511
351	225
294	486
344	541
521	282
336	28
105	399
110	237
248	495
298	352
81	132
354	370
294	561
407	433
289	293
113	87
503	405
143	409
473	91
227	491
300	201
352	580
238	467
447	174
204	161
163	431
191	162
278	146
207	440
572	297
379	407
357	347
198	455
155	288
55	323
190	456
217	424
305	324
527	448
329	586
286	404
310	169
501	337
402	377
273	235
409	382
302	555
276	585
310	129
384	129
298	35
385	226
347	159
310	219
314	497
331	216
414	154
251	109
447	307
472	151
238	215
237	344
414	172
371	328
211	371
315	444
148	298
345	197
320	350
306	570
111	416
355	452
263	126
107	250
312	541
469	196
300	227
510	508
372	57
231	125
505	334
301	366
185	409
530	366
110	352
336	120
237	237
344	301
284	21
384	545
323	348
329	312
261	136
314	216
287	144
217	287
285	67
34	376
324	127
531	170
341	167
119	250
385	412
308	79
343	321
220	299
335	328
362	161
407	404
34	366
316	561
267	507
251	283
471	384
274	577
419	300
75	346
375	464
313	270
266	206
413	339
460	203
303	578
477	402
204	168
325	426
293	134
382	202
186	412
341	19
256	369
437	351
306	263
284	576
310	469
375	155
198	230
279	128
309	33
32	283
300	510
270	333
103	327
411	350
296	528
312	329
239	509
460	161
245	408
241	74
296	163
338	171
288	135
537	203
550	177
110	419
280	88
259	183
324	383
304	438
332	420
305	324
382	346
293	39
281	115
266	275
311	271
453	134
259	314
63	397
252	432
294	397
333	315
363	457
461	335
580	283
119	147
335	44
300	283
165	326
342	367
363	67
107	202
258	35
232	221
299	254
295	395
272	522
283	215
503	273
264	135
217	254
307	271
352	219
563	222
174	61
272	108
329	158
362	384
300	369
306	64
298	469
50	249
383	451
203	134
145	470
301	526
420	301
333	465
306	189
367	419
278	262
293	434
386	171
299	186
201	110
375	115
447	303
234	271
299	46
337	92
100	267
516	423
436	452
310	525
390	266
463	277
374	108
225	309
423	438
226	188
314	487
302	192
283	324
293	17
211	136
493	357
200	156
285	362
327	136
272	407
350	147
309	547
367	238
480	242
382	310
275	45
344	185
222	487
185	406
295	156
389	184
441	488
87	465
329	437
94	226
155	391
283	116
527	407
308	281
253	509
59	396
190	439
397	340
194	512
257	162
304	501
327	202
299	381
352	50
251	288
152	231
380	65
417	170
89	268
213	433
280	590
278	564
376	244
511	416
297	375
345	270
272	20
124	176
300	518
395	563
241	490
294	595
155	504
313	407
282	50
322	389
399	548
396	294
421	110
381	184
319	307
268	345
314	371
132	357
292	498
374	256
285	60
254	462
137	464
242	365
450	307
86	301
288	62
261	474
304	72
460	300
260	286
372	182
389	144
337	182
278	552
469	372
76	300
342	14
370	56
212	239
328	412
281	12
342	174
41	371
220	378
260	285
240	320
342	470
303	349
265	79
294	326
348	339
343	167
279	231
62	328
137	355
288	156
454	321
432	211
364	282
405	503
283	252
210	361
456	318
390	411
200	44
275	377
266	206
300	237
301	126
398	478
388	515
258	456
227	135
317	576
272	231
443	308
193	547
300	142
394	103
242	353
223	487
301	190
310	299
233	129
475	362
392	145
345	191
311	349
281	300
329	159
486	234
315	12
253	210
194	440
312	119
416	243
334	143
490	222
496	314
415	207
330	110
343	81
276	416
235	392
359	473
332	438
93	427
100	335
393	425
383	433
436	355
347	74
289	472
204	297
236	334
203	417
245	88
256	300
306	199
222	198
431	188
86	427
287	60
277	90
365	432
212	376
201	361
291	83
296	507
297	97
182	335
348	232
274	392
227	422
190	451
243	283
214	334
272	507
260	437
240	216
99	246
260	253
93	255
182	290
244	290
437	508
295	96
263	263
130	88
196	573
230	531
275	42
316	245
373	326
310	345
281	174
294	320
300	276
405	165
175	346
220	265
391	180
293	5
306	413
152	211
303	366
273	183
280	328
245	283
399	318
66	217
249	553
324	88
422	53
322	78
301	183
410	276
193	434
161	495
285	454
69	335
500	251
374	243
347	210
311	230
304	578
310	346
300	85
334	392
320	301
326	155
126	444
239	289
449	514
359	171
378	421
342	263
191	389
377	363
339	61
305	581
307	496
221	571
300	20
142	163
542	184
334	205
355	152
320	77
245	280
349	232
347	145
253	292
208	141
415	337
276	267
254	489
161	405
196	328
281	157
237	250
536	398
353	301
254	168
201	297
299	554
260	398
170	173
472	244
387	509
410	558
214	265
226	83
297	4
407	104
411	542
232	300
316	223
478	399
289	246
182	429
482	332
259	410
303	195
300	94
267	23
137	284
320	264
231	124
266	127
291	527
318	356
218	102
299	184
157	252
272	235
304	352
266	534
546	295
329	475
493	385
171	158
277	546
298	361
321	439
148	405
183	246
374	459
58	344
228	437
282	267
389	331
346	189
300	557
301	411
342	278
266	287
253	544
384	138
415	181
368	181
283	397
272	185
382	348
495	200
303	492
358	231
318	498
312	298
320	270
320	487
266	427
334	446
129	259
242	450
276	554
295	340
383	270
353	61
301	515
236	548
240	321
248	171
211	116
290	548
393	167
368	576
312	228
162	326
487	283
249	540
394	50
318	168
255	547
379	166
237	260
331	358
149	250
39	351
327	513
318	540
300	298
149	402
303	35
304	361
208	67
385	398
355	152
300	87
358	157
325	580
322	572
306	495
106	468
358	291
503	256
247	114
284	519
358	307
392	244
308	441
218	290
453	280
248	200
334	533
465	326
295	233
513	357
297	408
266	198
237	401
427	405
324	302
313	82
404	176
416	136
115	500
346	314
315	193
321	569
254	353
443	301
245	114
154	195
316	332
126	282
391	166
349	316
209	266
282	303
258	350
265	281
305	279
470	270
386	131
223	498
264	30
387	220
334	404
244	249
288	158
390	533
135	314
108	206
424	488
461	229
389	517
446	265
229	80
316	79
242	532
288	481
440	179
357	324
415	196
216	401
331	448
294	27
294	352
288	22
470	266
304	560
271	175
310	310
254	27
147	274
433	274
368	197
352	261
149	439
285	380
246	522
372	130
287	595
273	85
305	179
281	25
323	316
244	171
233	397
397	544
257	266
438	486
384	513
327	135
124	249
170	324
324	73
350	48
283	380
141	208
173	79
304	280
381	260
256	287
341	295
293	499
305	515
393	335
195	370
226	209
359	347
243	225
300	471
230	414
279	242
333	232
430	230
469	445
455	487
331	426
279	157
302	285
363	271
318	119
383	457
372	340
477	108
254	311
130	416
343	28
212	393
197	171
297	66
206	60
304	318
459	367
398	480
290	228
328	382
316	538
177	482
247	474
368	215
258	574
129	111
113	258
31	354
271	459
297	318
232	326
305	368
459	239
102	427
210	512
452	327
270	131
154	273
398	469
277	50
245	70
290	294
129	308
315	270
327	68
459	222
261	190
271	104
398	571
448	548
292	511
377	389
275	351
300	281
344	483
313	36
463	339
355	552
339	171
294	376
429	329
496	317
222	170
575	279
230	331
298	591
121	497
474	234
391	499
388	340
232	395
451	244
317	408
336	579
279	501
256	496
206	471
488	430
533	332
136	346
417	69
272	205
243	256
321	307
161	237
271	365
384	360
279	448
214	289
301	222
304	538
265	185
311	93
407	100
118	276
259	424
315	286
182	155
404	338
390	499
193	213
300	523
295	405
267	478
487	234
404	234
176	86
438	119
328	317
250	160
378	318
406	230
275	103
243	324
483	316
53	236
153	91
378	85
398	124
455	410
248	364
571	290
300	455
439	345
172	241
287	509
329	453
478	300
367	434
120	252
461	242
309	389
206	374
284	373
278	358
327	419
477	133
224	195
190	111
401	317
516	180
235	458
320	391
136	123
472	407
125	80
270	393
266	577
340	355
164	206
287	383
259	404
160	283
184	293
118	300
443	361
382	304
290	559
276	88
194	346
137	185
380	487
328	510
355	374
296	412
251	368
328	191
244	217
350	247
103	179
209	167
300	189
356	469
74	150
461	282
302	168
287	268
432	225
291	43
261	435
252	38
270	573
309	121
278	264
155	286
167	133
393	379
357	161
439	117
404	245
287	99
340	87
282	52
166	312
476	427
254	383
374	484
281	338
240	407
312	206
382	207
304	199
434	78
288	443
304	277
306	438
300	412
465	286
296	273
256	126
195	210
330	406
269	154
510	395
314	480
75	316
310	205
272	88
300	487
141	351
221	159
185	260
335	71
293	383
386	388
272	15
301	473
358	298
342	140
318	309
300	144
294	422
239	146
424	73
374	363
372	211
246	494
316	213
205	169
266	458
220	136
353	83
338	103
278	269
102	464
469	303
300	547
300	313
310	203
460	224
283	350
236	569
305	315
203	279
291	72
222	141
307	523
275	541
361	277
209	267
281	165
345	490
261	124
298	462
257	374
250	306
228	370
288	16
445	207
315	497
309	213
141	69
147	135
100	399
395	365
356	163
299	248
408	109
124	419
190	444
246	354
500	417
219	369
430	255
177	174
248	582
410	216
500	350
300	65
392	480
276	494
142	208
333	536
465	74
272	407
254	528
399	365
507	259
335	417
247	128
362	126
296	489
244	304
223	575
372	351
302	236
293	269
108	287
256	90
256	341
244	519
448	179
305	344
319	46
134	396
438	273
167	467
294	371
263	442
410	505
314	72
54	328
73	271
248	58
334	372
262	171
270	173
451	460
335	407
410	489
319	404
194	180
282	317
341	307
356	176
288	535
366	418
375	404
296	389
303	454
171	212
312	440
246	565
422	269
198	259
310	469
302	508
102	287
273	576
305	451
315	178
307	442
401	167
237	488
301	37
262	458
250	394
340	191
186	263
319	490
185	445
538	433
242	434
89	414
169	50
298	271
262	446
360	481
350	235
250	420
479	444
299	188
380	169
275	233
297	229
409	494
423	97
300	323
120	426
301	253
124	336
343	406
541	294
252	137
293	574
260	409
178	225
220	217
272	189
245	237
431	372
289	65
150	187
408	81
359	553
325	96
432	114
324	108
314	188
221	330
260	538
205	378
301	217
269	38
239	493
115	162
370	130
371	169
368	426
318	38
295	347
225	45
312	292
303	403
565	386
352	32
494	186
476	165
246	142
214	153
248	474
350	419
144	441
257	337
401	218
317	286
375	91
293	442
208	379
388	56
282	274
458	375
398	535
289	264
244	269
36	330
437	284
330	480
301	292
152	233
224	122
346	120
355	433
353	428
409	40
417	519
380	149
355	343
300	340
138	263
436	383
170	371
297	190
434	341
147	285
371	335
367	206
123	282
290	246
292	120
500	418
300	328
396	418
196	143
279	472
148	478
167	139
280	442
368	225
292	86
147	384
366	172
290	483
366	199
363	443
324	84
307	253
344	6
219	316
422	523
304	586
227	329
561	196
249	510
284	383
307	196
294	560
371	204
290	514
278	466
458	187
176	300
328	576
190	179
374	230
276	204
300	522
332	112
447	403
392	326
188	198
353	397
71	181
451	304
240	567
231	496
202	482
296	161
295	478
320	509
268	305
539	468
249	540
363	444
306	113
488	415
367	521
93	455
139	491
218	146
569	221
426	444
290	245
145	498
542	408
590	319
347	391
300	9
199	244
208	460
304	505
359	83
418	296
368	103
263	506
330	25
318	415
264	133
536	335
235	382
345	379
292	127
300	57
517	300
348	149
348	87
309	381
162	463
287	6
221	369
276	166
301	371
143	508
310	323
162	116
232	142
155	282
347	392
463	312
500	243
225	62
404	68
181	371
335	519
309	101
323	121
418	154
298	294
277	389
440	401
206	308
195	433
147	244
557	307
302	490
131	327
287	262
358	15
299	580
372	404
315	163
305	313
259	317
380	138
309	54
517	289
386	398
274	121
370	231
152	360
240	83
286	588
279	462
162	124
424	288
293	118
440	231
327	119
124	252
342	224
464	339
327	484
306	469
356	77
246	589
266	532
298	165
145	208
319	340
330	340
264	175
254	542
338	344
316	392
342	40
468	255
201	265
329	342
284	64
269	511
341	281
324	223
363	403
318	267
330	396
271	539
348	320
305	327
497	261
489	418
451	179
296	267
256	478
253	437
298	590
385	212
42	320
407	109
163	415
240	140
387	58
524	433
420	443
289	297
369	237
253	110
278	414
197	213
437	413
132	455
533	246
458	258
379	394
169	165
300	122
407	267
277	430
311	457
198	282
295	395
369	416
270	513
393	409
321	237
330	110
292	10
304	513
362	489
269	122
122	405
239	376
265	349
201	290
269	554
25	222
541	308
316	168
281	125
140	442
199	296
340	374
243	201
446	202
272	503
338	339
70	369
368	508
342	278
89	266
221	520
35	351
416	465
100	182
339	189
352	351
200	209
100	401
102	257
322	477
250	175
384	30
305	338
171	398
405	199
446	526
255	158
73	214
114	114
239	545
357	283
512	351
299	157
284	98
74	450
306	274
267	318
308	536
327	124
353	150
375	203
423	98
295	463
318	557
92	282
458	493
163	144
296	350
251	55
429	99
201	545
246	449
367	288
273	211
358	508
354	345
286	317
349	313
421	389
218	35
214	99
143	267
395	334
241	357
308	304
336	466
410	119
279	569
279	411
329	370
464	286
296	72
465	139
197	479
235	540
360	24
169	84
307	55
218	62
324	147
292	191
174	284
165	243
403	301
171	96
102	173
206	336
230	361
500	156
208	214
418	368
448	409
300	160
415	354
368	375
308	487
218	523
131	335
298	285
303	103
216	181
158	349
468	109
386	520
313	379
360	142
313	195
59	222
312	300
370	27
343	283
300	454
438	454
143	382
275	491
75	391
141	328
299	50
233	460
250	270
338	271
97	504
299	232
404	446
411	165
357	297
338	277
305	585
497	186
253	353
349	83
486	372
322	92
68	206
294	444
375	339
286	388
476	388
312	322
320	512
107	88
219	131
275	458
312	510
215	488
48	376
429	81
288	501
158	410
372	198
217	437
374	109
365	128
440	505
129	142
266	79
277	272
493	392
298	328
249	163
248	57
217	464
411	377
235	313
133	294
281	474
303	287
461	359
405	522
470	466
370	219
449	233
179	290
131	215
301	565
175	137
342	273
383	96
181	309
196	353
260	169
306	214
139	170
287	484
359	208
392	439
342	370
295	29
404	489
338	506
334	198
352	202
251	78
263	414
325	306
404	328
285	484
250	484
328	403
324	21
274	173
255	310
270	232
309	252
208	313
441	300
251	217
283	339
287	187
195	344
330	536
276	131
128	260
278	429
351	439
382	368
290	407
205	435
203	121
273	340
402	174
294	169
383	293
303	423
236	489
299	27
318	280
273	134
50	444
446	246
292	409
230	476
332	237
242	195
229	338
138	313
275	97
212	177
363	400
126	379
373	356
456	285
187	366
70	372
74	416
78	261
115	232
301	485
290	159
142	250
421	174
137	412
270	291
120	121
242	66
219	60
485	137
562	388
42	252
305	311
331	298
433	104
222	380
422	452
298	419
403	425
280	231
285	454
338	579
221	437
299	548
404	89
274	468
244	360
300	64
130	202
262	447
371	305
274	524
301	559
272	39
419	444
134	338
288	353
220	105
196	314
259	492
183	454
293	379
225	266
310	205
285	543
365	157
294	405
383	414
234	334
353	212
445	397
237	75
273	494
562	294
126	298
305	219
263	430
318	273
306	45
233	400
147	223
267	92
293	85
550	298
180	518
422	88
225	203
337	370
299	525
319	446
218	334
257	439
259	435
414	463
317	200
165	227
286	211
194	484
517	308
300	395
249	442
375	263
518	223
242	324
226	239
439	279
421	156
204	500
237	546
557	313
208	506
270	579
157	200
312	169
286	175
387	153
378	253
164	424
414	321
409	53
331	387
290	453
125	100
426	235
284	169
390	234
354	281
276	297
295	252
300	538
300	412
127	335
184	284
313	358
351	401
201	359
254	444
402	176
174	422
346	302
330	249
345	249
311	47
305	156
301	509
316	218
224	205
305	536
311	428
291	420
500	482
238	296
301	366
298	581
403	446
202	454
293	74
18	360
323	466
70	366
385	412
272	349
574	240
410	512
400	494
336	189
188	354
512	437
364	251
460	105
368	364
307	353
225	450
472	373
323	349
286	537
132	333
300	406
151	474
373	295
307	265
300	338
395	351
352	198
341	240
408	304
273	66
325	190
231	258
189	360
300	137
258	546
272	115
189	324
339	412
193	295
69	306
240	325
431	203
318	182
346	220
301	306
330	588
201	211
271	102
296	385
187	76
123	300
139	220
340	272
324	26
338	314
301	472
290	400
401	276
281	281
190	371
262	371
288	257
346	149
552	297
318	524
155	393
513	407
292	232
298	47
352	160
306	545
347	343
384	298
289	248
350	68
67	346
73	394
343	61
318	508
370	348
180	384
174	352
132	269
463	205
323	446
204	240
448	140
297	203
200	39
244	412
217	173
275	42
115	422
133	94
262	460
280	399
304	66
11	278
300	393
273	193
342	405
168	385
315	387
400	263
273	401
333	201
115	296
449	157
244	322
516	359
168	341
317	282
221	358
231	351
377	373
115	146
96	420
184	261
367	281
271	213
259	402
152	411
193	283
317	530
304	188
217	50
205	87
321	451
280	252
281	523
315	342
323	337
290	507
299	206
298	192
292	349
240	257
364	196
241	180
300	593
429	299
446	416
489	170
331	410
167	242
315	541
202	256
231	507
93	252
152	196
398	82
304	112
152	395
256	369
234	163
325	537
306	317
185	144
391	131
300	505
405	498
440	155
202	536
548	314
450	353
286	261
277	105
268	455
295	529
384	484
387	350
297	405
215	414
281	484
305	331
279	27
319	290
398	305
437	460
302	541
311	257
209	209
370	328
422	57
141	216
384	101
215	101
256	52
299	249
300	444
282	38
341	164
441	203
200	471
188	173
263	310
357	579
401	197
39	312
297	144
87	215
361	255
94	307
229	280
372	383
216	205
245	146
176	33
271	491
442	248
533	332
104	265
237	346
333	189
320	415
297	480
324	420
320	320
296	300
292	293
558	183
355	308
357	491
343	42
388	455
329	178
234	221
192	263
299	268
250	556
217	323
322	312
81	185
313	421
257	372
237	278
403	119
216	52
244	262
324	443
348	408
245	300
318	298
493	283
376	47
313	471
298	551
217	169
324	144
458	206
408	272
422	435
302	526
113	356
197	532
278	15
303	517
187	72
217	296
417	339
300	544
329	390
263	241
475	290
264	228
288	228
283	189
274	207
280	334
320	135
308	44
521	434
186	479
425	296
119	291
275	515
305	277
328	513
120	321
327	376
301	306
284	441
332	402
170	221
334	291
548	215
209	362
340	257
23	255
259	37
361	540
242	479
436	194
270	336
167	276
269	95
269	168
300	43
436	465
315	295
379	464
309	102
284	457
231	379
246	300
233	306
436	407
422	343
309	533
219	468
300	196
138	495
277	196
305	203
277	105
480	425
111	275
278	444
455	177
503	302
303	138
319	124
255	451
64	252
309	77
275	330
184	386
315	325
369	335
488	311
331	345
307	265
255	156
296	136
241	121
403	552
301	303
374	317
336	183
269	270
234	270
357	481
569	371
379	324
464	436
96	343
290	538
346	410
452	190
310	383
287	169
390	298
224	279
379	260
298	267
351	206
319	274
108	294
230	58
305	121
377	54
374	357
352	348
303	567
351	522
359	334
287	407
290	62
225	203
325	365
352	276
149	171
298	417
271	251
291	174
322	372
174	292
245	379
320	65
168	282
295	104
160	381
363	347
117	379
371	30
378	360
169	319
203	431
246	309
379	252
300	406
353	437
305	332
126	346
263	523
345	127
256	119
130	275
301	408
336	65
340	312
185	163
189	384
347	520
205	204
405	515
169	219
270	457
362	48
280	51
307	428
222	447
410	432
275	190
298	466
288	51
262	450
451	424
452	401
274	205
406	345
323	296
302	124
263	91
182	234
344	272
539	161
301	592
60	188
155	259
291	592
297	542
297	141
43	337
473	282
286	307
314	79
448	334
218	83
230	423
562	387
347	82
442	248
303	182
573	369
300	303
114	398
427	94
108	293
326	403
264	147
288	14
359	454
330	383
327	283
62	236
449	231
166	426
288	556
329	307
225	382
333	397
313	510
167	260
170	400
287	250
332	364
324	280
319	153
168	534
323	517
472	154
192	512
482	284
389	198
361	254
341	331
297	241
175	397
225	522
297	542
385	376
397	204
320	378
346	441
301	371
275	479
556	332
329	410
304	264
190	250
170	209
292	153
337	248
315	491
181	394
401	182
378	475
155	176
305	429
349	496
171	267
286	56
296	390
301	44
342	266
331	64
289	263
319	321
347	188
283	348
280	83
343	59
314	520
350	147
292	74
481	350
407	160
286	437
414	414
302	547
376	239
296	254
310	406
282	394
290	499
239	524
296	199
138	494
218	397
300	445
528	257
264	433
143	446
470	330
302	294
165	302
254	243
293	551
344	422
239	447
294	337
357	486
279	311
384	100
301	124
248	382
264	176
462	166
295	226
211	145
354	73
306	44
377	94
370	210
253	317
141	492
310	263
178	366
295	191
307	341
365	107
141	362
208	490
314	228
314	124
130	503
292	545
438	334
117	193
390	370
442	219
325	25
443	478
297	276
399	126
391	541
238	455
344	452
179	333
260	64
254	211
256	431
335	424
438	558
315	386
373	287
344	114
178	189
286	8
296	378
293	520
307	82
303	419
367	47
353	113
44	305
319	204
207	360
290	164
235	265
87	446
138	226
277	80
372	471
232	405
322	263
269	535
276	489
220	326
321	355
297	265
324	216
393	336
328	179
497	299
175	438
220	62
280	167
334	214
428	253
67	229
391	242
244	336
194	88
301	179
291	478
274	315
517	445
195	192
328	138
308	354
312	356
266	449
437	243
204	346
354	564
140	350
410	536
347	335
370	308
303	334
355	113
90	239
285	233
494	300
348	376
292	301
270	23
399	324
372	316
361	301
185	317
578	350
345	80
367	82
309	297
223	82
124	343
292	143
262	479
208	39
492	374
404	277
190	467
292	57
280	154
385	359
230	92
304	448
295	410
225	396
237	372
425	294
160	200
177	361
351	399
380	302
456	427
227	310
457	258
290	356
368	214
330	455
396	268
476	368
486	325
467	435
311	432
363	509
328	485
198	232
508	367
348	409
431	314
441	159
249	578
289	306
398	209
275	151
566	219
365	88
167	336
258	233
251	455
253	248
299	550
227	24
295	504
272	273
105	120
317	375
282	285
332	499
322	550
167	244
432	482
302	452
138	208
230	58
359	353
183	326
354	129
260	367
352	264
327	194
207	390
275	446
293	571
433	300
269	164
391	574
291	272
314	221
213	115
122	276
416	245
386	368
314	479
412	336
267	247
401	214
177	287
220	212
46	388
92	287
259	200
313	556
141	95
275	220
266	245
396	144
493	299
388	413
262	185
233	526
312	243
259	368
551	295
415	212
330	281
337	324
275	109
355	271
221	464
289	154
464	283
299	507
296	503
341	416
291	190
103	177
271	286
174	254
294	483
121	289
541	366
307	283
325	440
258	536
274	230
308	113
290	171
295	141
286	586
356	84
252	176
192	117
296	162
304	438
274	22
205	228
281	32
42	174
251	196
230	385
194	359
390	412
385	103
335	348
83	310
286	534
422	406
353	103
275	340
494	214
268	68
307	211
305	566
168	276
435	95
255	277
336	239
304	265
273	398
325	212
132	251
378	180
152	310
528	272
322	311
491	274
190	338
212	367
364	311
252	199
309	445
296	202
547	344
235	340
281	373
314	269
329	260
223	301
281	572
322	519
265	226
369	322
307	253
264	163
381	426
290	101
319	130
28	223
232	277
100	283
286	335
296	32
299	143
382	455
369	296
432	472
116	375
298	526
537	208
146	186
184	359
569	391
322	60
280	372
378	177
295	246
203	486
482	246
43	351
453	494
277	29
282	477
420	338
273	427
288	353
317	292
214	298
348	280
271	515
300	114
296	506
71	233
14	361
388	231
443	235
298	276
377	334
281	483
470	303
345	507
230	397
166	237
402	360
228	308
264	311
340	355
300	312
303	385
328	338
500	339
264	30
203	541
396	490
270	37
352	219
151	290
271	178
461	283
420	432
149	383
469	350
273	29
416	418
392	165
333	531
332	576
186	321
293	574
344	485
194	526
318	133
291	436
356	206
342	130
213	389
363	513
300	564
293	279
312	286
93	200
279	161
299	377
516	320
335	67
196	188
87	405
315	547
112	267
284	402
429	303
292	154
250	434
303	208
506	320
235	212
268	148
312	418
121	310
223	294
294	470
162	266
351	70
288	359
458	372
297	47
250	485
96	306
310	270
358	268
330	101
301	79
165	477
268	277
229	372
280	46
286	375
287	259
284	460
293	200
335	464
254	449
163	167
408	273
343	328
334	174
261	405
315	98
165	368
492	503
218	324
410	437
393	74
149	492
283	196
29	309
312	147
436	420
302	230
192	314
342	419
135	222
279	321
204	469
326	180
295	105
312	241
400	221
279	539
546	291
380	484
115	402
422	212
136	270
295	439
285	101
390	283
419	308
277	312
484	160
305	284
128	232
361	444
301	226
283	260
433	85
271	47
410	427
379	354
505	216
233	268
454	304
299	138
23	255
298	271
148	423
258	406
217	260
218	63
373	191
240	429
275	362
424	252
448	48
300	518
492	415
325	334
345	448
270	431
303	352
394	135
285	562
212	498
364	201
409	413
317	259
132	282
355	185
363	450
390	191
435	292
316	574
414	369
211	483
251	211
314	49
300	142
102	145
324	552
299	235
223	240
415	152
314	373
368	226
475	460
300	561
252	379
245	245
211	203
318	488
144	164
68	462
201	74
306	378
212	528
255	191
102	311
122	270
274	432
153	149
259	579
273	496
96	315
171	127
364	322
286	526
249	202
442	529
393	290
209	283
274	437
231	230
143	376
214	477
188	421
137	268
259	297
50	325
318	296
289	101
343	350
441	221
289	220
303	156
326	489
278	492
335	324
433	326
468	381
476	101
206	471
427	325
321	97
496	267
326	367
183	347
404	299
436	390
329	473
344	120
300	144
225	413
307	329
355	563
106	189
322	398
174	382
510	255
482	172
372	433
480	288
300	136
293	327
337	251
432	129
272	170
344	277
383	153
270	22
227	137
316	374
341	90
326	199
297	230
287	65
364	128
273	282
312	226
304	49
227	100
379	403
266	294
585	336
320	32
336	257
312	246
185	475
397	509
294	362
148	217
98	191
285	514
361	85
302	118
93	222
151	333
310	69
268	76
287	482
307	255
456	194
363	212
324	348
377	571
359	261
357	540
235	430
344	424
320	262
397	62
315	280
300	388
367	274
379	582
401	49
276	347
405	387
51	310
277	383
293	488
148	433
458	324
365	279
472	340
300	395
265	359
295	494
246	418
303	353
350	434
103	461
285	85
319	412
373	142
391	449
423	205
339	117
108	313
208	237
402	540
321	567
221	453
373	50
262	244
257	47
263	373
463	260
218	127
235	158
300	191
178	201
291	263
335	574
370	524
186	127
226	37
339	114
189	82
437	508
126	445
443	289
300	336
426	213
416	207
221	363
306	92
320	232
319	87
386	439
294	65
298	375
320	557
285	540
341	113
376	368
277	473
314	189
191	228
364	236
336	187
327	237
173	118
336	32
296	354
351	471
226	348
200	108
289	329
278	329
410	510
135	326
309	478
322	505
284	436
342	456
299	511
346	249
426	168
388	331
240	319
187	458
290	349
79	267
525	210
200	327
116	206
175	288
315	405
88	405
343	452
394	344
314	583
328	558
163	271
105	340
293	586
126	466
357	521
193	327
367	448
238	426
231	333
224	105
339	258
351	445
282	10
187	176
167	94
311	574
298	526
412	253
267	131
111	284
174	277
217	453
226	301
331	55
195	221
291	280
297	463
278	212
278	296
88	269
157	300
324	202
465	238
386	321
133	330
320	304
469	211
292	448
141	352
178	343
301	30
225	233
197	87
278	470
292	475
262	183
319	127
320	402
337	210
285	539
216	221
381	437
291	489
268	349
445	201
310	332
314	341
429	477
281	467
300	204
500	367
283	563
86	324
261	266
248	332
216	70
232	479
210	306
165	132
265	300
223	186
197	339
276	306
383	444
147	218
218	327
188	350
480	286
299	555
197	271
324	565
401	391
240	272
309	361
320	184
329	288
181	259
430	459
426	311
259	535
279	529
291	226
485	300
321	64
308	507
188	525
215	534
248	320
334	144
300	166
344	592
365	473
198	300
275	263
326	232
434	435
354	300
302	180
320	228
231	342
335	26
217	92
485	433
267	522
526	276
345	420
136	300
26	255
299	459
344	85
525	164
241	314
228	119
424	514
334	459
377	508
368	379
283	343
304	450
356	168
290	14
283	5
213	221
306	442
415	401
444	324
306	238
229	332
290	117
261	230
140	395
320	590
429	178
355	484
226	190
222	492
300	33
436	362
340	578
292	419
237	569
165	510
315	166
282	299
277	401
229	479
315	459
360	288
185	324
324	234
333	262
158	261
313	56
341	354
331	194
300	210
264	528
269	197
295	227
216	139
449	438
287	53
195	540
318	45
301	396
433	306
309	323
355	174
364	49
362	422
305	500
274	271
304	575
388	362
258	277
215	399
162	267
377	317
220	106
314	490
300	73
250	325
369	512
233	346
238	193
279	171
364	380
267	589
177	481
236	158
357	93
63	289
235	509
204	543
270	239
191	254
330	358
538	192
321	452
200	166
357	107
378	224
263	393
261	469
479	412
360	296
223	446
339	503
127	336
301	300
363	431
367	201
184	212
230	126
281	282
285	55
262	580
290	180
119	221
208	94
339	146
409	286
306	576
196	167
296	88
244	463
187	165
531	314
456	119
295	405
300	3
170	309
298	12
207	160
323	244
547	447
390	533
129	311
291	400
510	250
264	423
326	446
565	272
287	468
236	457
216	232
281	443
193	377
391	330
314	230
223	180
315	240
340	459
372	346
397	343
188	38
308	235
273	540
427	332
442	437
177	139
249	224
330	322
345	503
283	212
298	73
300	338
356	231
243	491
216	372
49	297
60	332
353	88
422	95
214	287
224	424
330	30
316	88
293	287
184	91
305	530
292	549
402	339
300	450
298	389
220	298
464	314
433	357
216	99
263	560
303	98
309	348
286	465
322	410
510	462
322	517
259	71
304	398
418	234
284	204
233	333
139	413
168	204
381	253
200	444
359	231
231	315
136	311
402	348
302	496
109	240
294	362
277	115
410	222
296	597
333	492
322	486
270	316
295	496
347	408
300	296
50	402
292	547
307	190
313	509
385	146
279	181
175	291
505	303
388	465
559	390
189	542
298	7
305	520
334	373
279	213
186	194
276	296
238	459
391	397
264	73
529	259
309	297
339	226
322	566
515	461
151	270
39	356
236	396
310	122
129	329
401	401
335	395
314	138
332	416
256	551
251	114
250	241
267	489
398	331
164	249
300	132
455	394
151	298
332	368
300	242
331	553
346	421
304	415
139	393
283	125
237	537
308	367
422	49
203	504
300	388
119	437
300	138
259	524
466	99
325	202
377	420
255	214
422	247
330	478
364	453
256	309
526	187
300	449
280	365
225	109
318	396
497	218
170	83
170	130
202	254
279	279
143	414
273	592
428	312
391	73
475	202
207	438
323	509
300	78
492	372
296	412
347	295
290	416
391	229
304	214
199	471
270	372
263	329
276	264
192	364
294	356
458	298
196	371
297	284
338	519
273	440
336	53
261	101
377	150
331	377
185	126
269	432
400	365
308	164
309	514
281	357
220	407
135	75
173	233
340	250
498	192
457	232
551	252
300	487
185	355
312	380
335	76
281	315
261	358
241	399
324	254
45	202
300	434
282	397
177	48
50	227
295	552
444	496
300	306
496	270
353	258
323	427
224	251
491	276
488	166
300	282
281	317
307	231
346	303
292	32
229	530
286	229
294	25
175	371
327	387
211	417
347	437
48	273
252	202
393	408
245	524
203	313
297	467
315	44
418	364
317	223
244	310
282	54
398	144
301	457
358	414
261	97
346	593
499	313
250	407
339	309
229	262
93	200
407	322
553	194
243	451
341	5
427	500
562	320
233	70
300	525
264	195
106	293
481	308
369	251
388	167
369	503
310	125
227	372
281	254
345	85
487	342
544	352
398	240
511	188
51	359
200	184
305	228
338	391
378	62
150	363
299	509
353	263
161	130
300	304
412	243
356	524
270	205
167	359
147	92
209	382
458	313
469	157
221	422
300	300
543	345
300	369
388	270
413	101
218	263
157	300
323	231
153	300
335	218
293	144
256	501
83	358
308	43
288	271
343	285
321	354
370	470
304	344
194	364
148	243
401	466
356	371
99	171
277	348
306	567
260	306
428	280
390	436
412	244
286	256
371	61
292	308
372	210
376	507
257	474
301	224
265	540
388	500
289	22
284	562
323	553
303	277
172	157
188	375
377	548
221	186
316	110
197	213
435	428
458	453
181	121
315	315
301	270
281	210
222	316
359	173
209	415
355	219
438	357
309	326
378	251
396	122
347	289
303	577
249	302
330	299
302	253
271	123
382	324
96	395
326	460
283	54
121	159
284	176
292	399
220	551
357	289
108	361
300	24
245	72
144	327
292	411
493	257
484	279
106	439
185	117
311	445
337	549
331	71
311	136
283	378
238	558
309	271
514	268
181	168
302	295
278	421
464	431
288	203
459	208
352	485
141	488
398	245
397	280
293	204
353	487
299	161
302	570
334	137
336	171
209	512
320	102
267	183
468	230
372	303
133	246
301	410
322	391
389	256
114	306
294	485
184	105
105	138
316	256
223	328
337	297
311	97
244	242
324	203
79	188
321	454
391	111
519	192
89	324
356	504
343	398
327	550
411	360
291	60
417	180
273	265
314	324
291	243
300	226
407	125
374	283
304	299
416	410
408	161
322	540
327	190
547	230
458	254
537	266
202	214
67	301
278	370
401	355
148	261
325	223
298	245
477	253
282	166
160	243
486	406
263	386
440	338
170	295
216	99
238	79
331	202
211	132
147	403
261	272
387	511
218	432
258	363
270	321
326	366
197	153
329	338
137	418
407	561
306	458
421	211
329	375
301	216
508	314
282	26
348	140
273	385
361	105
369	203
419	209
217	315
354	129
246	492
244	42
445	312
195	356
136	189
261	297
150	321
359	119
260	94
242	331
303	543
304	34
470	360
349	476
264	424
302	498
362	515
426	368
307	270
221	303
288	432
107	523
411	344
329	449
394	241
175	468
414	113
85	360
281	432
300	306
198	351
348	565
335	284
157	435
196	152
171	141
277	346
300	473
154	217
294	480
381	276
310	367
196	225
285	311
442	406
102	365
381	284
281	147
303	258
179	91
292	331
267	167
363	386
365	215
180	244
436	133
89	301
321	524
296	554
376	348
333	406
288	254
294	17
505	429
476	499
86	430
209	231
324	257
290	76
380	423
177	70
519	313
352	426
203	223
303	100
247	171
262	358
255	405
278	528
287	308
237	327
190	418
247	86
473	73
216	474
296	351
180	191
306	408
210	185
296	180
341	547
306	432
301	444
166	197
312	148
310	299
547	364
304	564
360	396
375	271
210	325
248	348
270	89
292	403
172	110
312	349
365	504
243	86
201	217
165	124
239	348
198	297
229	97
156	368
300	316
450	224
134	526
302	276
311	2
293	76
305	419
187	450
217	390
282	350
353	181
314	507
355	300
248	574
479	243
262	418
208	515
283	451
412	211
282	382
300	588
507	408
312	426
276	164
255	441
346	336
348	408
355	426
238	245
269	333
401	334
451	393
321	437
165	200
299	442
236	352
300	509
42	373
292	511
317	77
362	515
436	347
279	37
194	302
318	380
412	521
313	473
132	342
127	306
499	258
333	73
204	207
275	503
211	163
350	470
474	121
229	69
234	352
291	258
296	190
155	474
295	481
352	280
297	199
539	164
198	187
102	458
256	395
295	231
473	259
319	442
226	530
273	295
378	133
178	323
279	495
243	307
320	449
273	409
345	402
453	403
269	202
393	172
268	142
243	450
246	130
298	511
306	498
301	155
300	279
223	108
278	117
148	212
378	78
240	150
292	397
353	180
257	398
168	176
300	95
310	280
277	226
210	99
306	94
341	549
524	271
298	113
407	282
531	166
344	456
274	155
87	168
416	301
540	303
276	64
100	224
415	408
288	349
420	509
285	82
122	271
305	497
299	375
129	419
391	64
326	379
323	561
228	61
334	17
545	429
349	182
377	43
279	230
342	557
312	469
244	144
244	268
272	343
264	29
193	166
341	36
269	568
378	308
420	253
316	362
194	146
312	148
211	524
392	156
380	403
254	439
305	99
300	293
367	93
297	133
153	185
395	433
348	149
390	507
200	433
326	223
417	409
340	274
198	214
284	126
253	138
250	357
261	269
271	47
209	153
222	106
454	311
297	382
86	103
119	310
260	190
336	355
212	191
392	454
248	219
121	147
317	316
285	251
212	58
316	283
201	333
237	224
290	32
278	271
299	3
396	216
345	251
282	86
187	121
121	269
270	533
364	373
141	80
224	69
518	417
304	293
285	223
210	147
212	387
432	530
76	132
247	423
481	354
275	413
511	469
167	319
289	412
250	505
326	541
310	217
482	286
237	135
323	229
585	319
470	296
114	207
260	396
286	272
357	295
145	141
269	392
208	506
329	226
305	573
163	346
287	351
300	531
85	316
272	332
305	368
304	165
305	326
321	538
371	435
202	321
329	336
341	183
294	425
276	49
300	315
391	311
400	510
306	496
336	91
371	410
476	87
175	39
162	188
356	330
350	578
212	217
300	203
305	225
293	68
263	278
260	62
218	324
307	327
192	459
371	491
358	238
321	478
177	144
531	224
262	100
228	441
242	361
524	437
327	449
421	199
206	266
298	290
218	448
304	210
379	234
221	184
217	435
467	257
187	219
324	269
179	461
300	203
316	375
383	179
285	146
471	484
324	102
505	390
486	487
92	272
332	10
258	215
346	71
395	460
253	552
242	204
360	209
191	490
364	331
299	497
265	376
269	332
311	133
306	477
408	360
353	54
316	124
317	124
452	355
300	365
312	406
269	551
421	164
274	486
221	70
416	96
235	464
302	382
389	109
392	237
318	381
303	79
307	74
148	122
451	321
356	289
318	204
282	294
397	307
317	470
228	518
471	250
90	290
224	302
128	254
168	300
300	123
291	239
312	587
482	426
296	95
148	67
341	269
362	404
352	49
378	505
191	379
218	575
274	134
300	251
212	490
312	348
460	381
232	270
345	240
328	386
172	214
333	56
364	319
295	461
308	253
236	213
228	312
223	162
248	89
537	128
243	530
105	354
296	139
276	356
251	401
294	112
328	203
202	125
372	470
141	283
357	99
337	418
292	96
399	238
312	510
314	502
487	181
200	540
322	161
363	65
309	317
274	574
297	255
235	80
404	240
225	229
153	327
203	129
179	64
229	180
411	295
492	309
401	120
67	292
318	383
206	382
377	458
302	130
244	170
219	331
374	476
326	584
446	404
374	404
267	524
311	136
460	120
288	261
386	254
289	157
388	150
257	324
163	115
544	410
206	394
154	201
284	546
404	271
294	292
281	180
143	343
301	2
385	557
120	432
315	357
260	147
323	438
317	415
146	341
300	29
258	409
363	288
296	568
229	200
231	360
271	308
360	299
259	447
339	398
432	514
238	287
300	324
145	500
521	281
416	251
274	199
316	489
314	207
296	341
232	507
290	290
363	404
226	144
261	371
545	304
266	280
308	260
341	67
296	572
355	273
214	529
418	468
295	573
416	291
373	306
131	270
340	300
231	52
418	174
454	303
450	142
548	274
328	342
239	212
292	283
355	310
344	433
317	267
345	391
397	392
363	359
244	332
111	331
290	270
288	30
484	304
300	320
197	411
286	592
388	451
461	450
158	393
215	214
285	24
217	452
414	212
292	406
97	315
255	326
300	122
230	312
311	496
288	569
300	362
346	142
384	356
236	59
249	545
231	443
479	289
319	492
298	368
300	201
127	277
286	456
225	149
403	48
317	531
430	68
178	515
316	555
285	264
218	151
480	483
329	312
137	200
259	447
302	579
325	80
351	158
289	175
300	579
192	223
274	377
220	274
379	216
281	246
290	87
206	244
247	42
258	547
347	220
327	387
315	183
130	190
219	291
303	522
292	597
193	345
134	317
299	91
342	342
329	525
337	226
123	134
450	269
9	350
205	310
206	269
402	356
332	262
343	163
304	76
335	522
301	526
378	106
194	280
252	191
260	549
243	229
307	66
264	37
450	198
339	200
228	284
301	368
285	157
397	200
364	219
190	266
305	266
294	98
274	403
220	246
154	327
305	529
163	502
533	215
341	227
272	319
363	252
306	103
417	343
335	309
312	55
153	363
359	354
341	414
364	291
342	376
244	98
343	367
112	449
315	352
304	180
336	361
322	277
235	413
316	350
309	518
299	310
22	325
433	461
124	493
65	439
383	287
121	244
168	60
363	396
381	241
334	448
217	354
243	191
378	338
386	453
316	335
463	407
301	328
373	415
188	210
201	485
296	588
509	189
259	155
397	237
76	361
371	481
261	532
339	99
200	245
387	332
418	301
295	552
346	248
266	338
257	479
200	243
320	432
292	279
293	265
396	243
265	441
255	140
297	536
414	346
132	322
300	294
364	236
323	253
283	235
324	578
375	25
276	208
257	330
330	271
257	564
261	16
26	214
273	357
366	16
308	230
200	216
361	345
427	268
174	465
350	527
48	394
353	438
455	342
135	379
333	501
375	443
258	165
417	259
287	250
273	351
72	413
192	475
86	293
330	529
298	283
216	69
250	285
269	288
416	149
281	251
120	366
107	161
300	313
284	95
433	380
391	289
131	291
300	404
300	519
285	41
309	359
292	20
296	389
270	160
312	507
224	460
309	162
311	293
213	507
251	444
335	409
168	317
171	352
213	223
280	148
281	315
318	376
341	373
198	534
377	322
522	337
303	361
311	471
329	555
409	136
318	491
358	261
263	111
203	102
276	266
323	78
411	390
310	208
71	349
322	515
322	588
212	295
272	488
370	314
290	562
139	206
266	139
294	394
283	81
360	313
291	221
333	261
207	250
356	287
218	479
85	397
317	88
205	405
360	560
140	265
357	371
417	298
300	328
255	97
237	134
423	232
391	449
353	530
312	388
437	219
172	93
292	546
301	322
254	133
237	522
288	489
188	529
179	284
416	153
311	234
150	192
411	106
241	200
277	551
306	331
318	226
80	227
420	376
493	423
306	444
341	440
282	267
472	86
218	560
123	195
547	311
373	204
299	546
307	109
295	578
300	295
343	321
400	417
394	392
223	348
277	426
312	58
375	128
220	203
243	55
128	341
67	346
406	493
343	268
476	452
302	377
370	236
247	543
159	222
183	67
328	101
344	402
256	116
277	497
357	394
216	514
191	368
339	397
321	503
516	340
323	256
308	293
264	459
353	202
376	335
220	326
227	277
321	453
141	437
254	228
117	324
76	199
338	312
185	276
381	329
484	400
247	506
250	531
322	499
177	517
198	211
278	310
430	362
281	161
223	135
302	432
149	387
339	100
467	464
257	306
298	140
447	292
287	219
566	331
549	236
299	384
297	383
291	245
319	304
167	275
27	266
354	550
347	499
286	544
329	36
442	437
479	310
264	515
301	397
298	364
138	236
305	105
378	385
282	341
322	364
266	182
123	456
340	449
293	426
227	481
292	343
495	378
95	253
384	225
300	244
482	486
238	366
368	496
368	274
164	316
165	239
427	242
257	65
320	531
229	355
357	322
306	178
380	375
106	410
376	355
302	501
323	435
405	430
318	47
108	154
500	170
397	106
333	204
344	140
62	345
310	74
163	247
189	406
244	519
164	331
381	525
485	387
404	287
45	360
289	300
321	314
24	287
348	207
308	302
282	450
266	380
328	516
332	259
342	226
270	449
274	586
299	201
293	562
226	235
269	470
291	454
519	353
356	229
308	149
427	339
169	216
316	494
275	388
315	26
309	279
440	330
303	516
311	540
479	331
311	559
532	215
344	482
260	301
223	538
233	175
249	358
239	346
48	279
227	226
450	186
138	438
412	203
354	460
353	340
148	300
476	409
288	242
305	176
217	423
328	73
479	502
254	285
123	266
468	152
150	285
280	322
332	576
239	379
133	126
470	300
222	453
325	524
387	98
223	58
263	403
281	338
413	183
179	445
300	78
331	161
265	259
323	505
294	249
168	114
312	230
330	93
157	418
400	329
358	440
331	320
240	326
229	415
340	102
289	497
207	364
418	242
80	217
364	463
275	316
307	20
362	506
344	149
443	252
108	283
44	220
84	260
173	297
245	185
285	268
465	330
227	231
253	274
406	444
253	388
307	382
343	538
318	466
232	241
228	501
328	406
274	337
326	157
289	475
348	221
409	107
115	190
288	417
85	173
375	260
262	471
274	164
306	147
330	445
315	507
278	326
311	516
309	31
300	84
295	7
484	400
242	118
305	480
294	471
294	185
256	214
370	92
337	103
306	257
237	256
283	151
339	246
283	586
373	112
467	265
172	287
424	412
357	12
304	442
370	367
268	78
149	231
302	292
89	215
330	477
488	412
264	351
103	225
311	417
245	231
485	284
118	260
322	249
166	240
333	46
573	339
220	560
235	395
294	456
224	250
404	89
264	562
329	273
233	239
257	344
319	79
300	291
254	146
116	222
355	265
192	420
482	364
264	536
335	493
269	105
151	357
247	397
298	254
301	493
330	416
443	65
283	232
250	505
296	297
478	391
82	432
286	46
451	132
300	214
321	499
364	382
319	280
153	86
308	348
88	370
160	256
263	420
437	303
306	468
315	137
361	274
570	211
355	585
304	572
334	262
126	272
300	216
413	190
386	285
439	253
307	74
294	532
390	321
348	367
279	555
74	247
311	25
269	192
267	408
354	451
307	136
300	64
238	424
187	315
213	437
381	23
329	121
245	348
257	250
213	474
331	100
305	271
79	446
88	474
459	481
233	347
231	238
331	381
255	413
177	158
289	445
159	409
303	529
249	448
227	134
469	248
297	186
276	390
443	146
302	180
208	373
322	334
290	254
287	245
270	548
290	72
402	324
469	421
212	322
344	274
305	496
432	155
385	100
419	128
232	248
491	162
165	317
384	160
376	273
272	252
300	127
300	109
345	109
186	173
338	235
312	546
329	161
340	181
359	261
112	184
344	152
302	241
72	344
259	298
300	527
261	456
227	165
301	366
333	371
301	299
413	361
450	329
287	345
246	298
58	368
528	197
153	72
320	161
303	306
343	419
160	449
305	412
223	305
292	46
307	155
373	157
190	123
301	398
241	261
382	267
437	504
112	380
300	539
397	433
294	203
225	134
332	240
307	331
159	218
304	234
249	526
327	168
369	481
529	337
481	253
333	374
286	64
312	476
331	490
68	330
274	178
296	475
317	144
162	458
181	329
192	93
238	234
297	60
480	263
275	248
300	321
493	255
262	163
337	266
142	418
173	236
356	329
200	151
127	355
554	380
45	241
209	274
171	88
132	340
128	366
283	297
108	420
246	276
271	435
243	524
526	373
285	213
289	203
193	435
192	336
311	96
378	68
128	440
265	74
88	174
284	401
329	178
239	98
303	450
190	286
367	425
208	272
245	98
298	521
503	233
399	362
283	123
77	161
475	183
320	415
293	92
530	235
291	83
275	536
224	311
308	191
237	122
314	284
301	351
309	164
51	290
273	224
298	318
384	219
150	203
117	383
305	554
380	58
298	103
278	328
281	490
91	290
280	151
371	184
33	278
304	382
303	44
357	356
306	388
132	76
351	557
437	353
560	323
175	88
253	86
191	242
251	412
426	34
363	104
542	452
238	412
133	232
247	577
91	351
314	547
306	29
371	233
224	58
257	129
21	210
328	206
512	342
554	313
280	15
296	527
229	426
331	370
180	333
423	134
63	368
297	536
298	152
325	103
549	396
459	379
79	261
271	191
166	460
384	336
314	277
377	390
328	330
525	276
263	166
371	268
364	138
217	236
307	218
281	104
219	237
308	486
179	133
56	265
200	204
338	477
346	481
374	255
349	245
318	316
299	318
563	268
234	492
349	53
328	379
314	546
239	141
516	298
265	355
294	434
146	373
216	244
428	241
284	571
306	183
315	571
440	214
305	144
345	78
150	474
344	338
280	373
484	385
312	383
393	258
385	214
46	213
221	94
347	225
411	447
262	446
304	185
299	91
408	290
331	501
452	252
433	385
302	165
300	303
233	94
138	523
301	271
417	397
230	287
292	441
466	68
429	306
351	443
291	277
252	17
232	63
288	380
306	365
310	161
351	437
299	283
481	346
360	508
439	336
195	421
204	431
507	237
307	476
207	320
301	313
158	170
370	438
482	180
365	85
308	381
299	139
296	545
128	302
304	398
275	260
301	452
311	546
374	353
298	62
494	301
321	331
418	263
271	134
581	283
478	422
350	346
343	169
226	200
230	324
417	403
336	405
509	331
304	224
293	141
302	480
350	192
383	288
290	487
145	134
338	196
494	139
159	203
300	545
279	538
302	193
211	153
461	243
381	291
266	91
86	250
247	358
300	488
310	541
334	332
275	151
240	239
256	443
315	464
362	355
330	290
222	328
293	220
197	162
186	102
260	389
552	205
300	581
135	193
474	323
308	289
299	554
107	293
363	240
346	32
473	111
361	340
298	77
287	175
264	443
273	161
422	333
341	586
284	502
202	249
341	171
380	437
420	481
190	299
291	210
332	301
266	230
391	216
375	481
455	281
329	258
382	528
187	143
408	178
300	173
401	491
401	382
158	396
427	387
420	340
325	577
304	545
90	351
470	438
468	126
336	397
311	268
332	150
304	143
309	281
263	25
365	97
350	359
417	207
277	505
206	465
536	319
367	117
273	339
292	31
311	79
261	58
284	301
435	322
173	216
275	567
247	157
371	363
258	198
292	184
315	179
505	247
354	205
312	475
273	180
512	321
370	264
288	319
290	230
280	551
270	312
307	359
363	131
303	110
277	487
464	398
339	94
244	462
528	392
448	200
153	372
505	311
228	286
300	475
259	158
273	196
330	267
303	122
394	98
194	438
330	225
286	109
263	95
162	250
340	260
331	53
295	557
272	79
141	161
468	497
300	498
516	254
294	471
282	405
140	309
360	184
338	112
177	422
399	337
327	238
435	85
324	257
286	80
474	351
326	177
327	531
76	402
293	583
351	341
290	267
186	53
298	219
371	281
202	248
280	190
301	42
43	247
313	349
355	193
300	359
308	165
459	466
480	277
265	87
268	401
402	179
414	326
315	171
216	322
286	245
295	435
226	505
318	272
375	446
52	282
360	116
182	526
273	245
267	273
226	181
296	108
178	306
185	387
163	444
231	267
363	234
300	546
241	532
267	421
351	484
125	199
129	264
390	191
225	323
351	428
213	254
307	595
384	37
308	327
267	131
249	309
325	232
251	315
239	427
286	192
309	234
280	422
252	229
189	72
319	416
285	291
142	256
372	288
262	26
287	165
329	565
475	212
293	498
256	272
287	315
285	4
239	263
199	373
287	370
167	316
338	257
511	206
234	349
212	299
545	314
226	223
201	509
394	121
330	348
223	165
364	292
93	272
247	235
354	49
309	461
478	226
306	222
218	29
237	171
196	503
289	341
265	293
325	24
172	272
143	213
45	235
213	51
264	104
255	591
239	410
362	469
293	100
340	345
323	253
282	27
424	169
35	322
210	258
476	216
256	572
176	398
326	143
225	62
352	242
286	175
82	339
82	205
363	417
296	171
165	186
279	97
296	112
334	147
300	293
475	363
266	475
434	44
287	335
252	76
269	174
411	181
504	171
304	169
227	207
237	170
283	489
298	594
453	340
309	470
382	290
144	344
503	333
327	484
298	353
270	53
300	434
250	278
319	278
220	495
330	189
310	321
427	464
528	286
526	226
158	166
147	345
238	114
220	445
281	238
244	165
464	269
377	54
195	134
316	137
320	8
86	348
419	499
329	94
320	235
493	336
314	50
333	463
309	258
137	296
271	452
222	314
291	184
280	322
177	397
371	26
375	354
248	217
432	195
247	237
369	479
249	249
369	309
306	210
376	333
257	198
228	255
135	192
395	417
278	66
144	349
142	418
285	204
260	467
259	50
344	166
300	209
187	341
111	432
201	373
300	214
272	287
229	456
333	543
305	508
280	478
284	381
176	299
135	117
439	391
447	87
306	205
303	230
212	258
281	464
314	447
382	480
420	524
301	8
337	342
557	280
239	214
151	60
307	340
383	446
325	245
81	321
342	207
306	550
222	403
310	469
89	380
407	213
439	328
335	238
298	78
297	70
301	500
289	378
284	474
300	338
225	275
238	303
277	517
533	283
309	129
249	279
185	254
424	380
303	122
236	492
300	168
258	356
370	91
287	138
252	202
271	439
116	271
160	223
104	398
214	436
488	430
189	450
326	278
300	176
232	202
239	238
169	204
276	305
267	564
297	554
271	459
339	528
293	263
293	514
399	512
432	47
268	513
455	207
377	470
253	334
214	125
275	204
316	131
299	329
284	244
249	390
491	286
303	274
320	334
202	103
153	200
302	25
275	286
271	372
107	319
357	388
265	272
237	270
286	214
435	423
325	277
389	281
215	423
101	204
205	306
294	224
329	202
286	210
243	226
366	203
183	428
254	405
328	380
471	207
54	322
237	438
278	518
464	506
169	264
280	557
489	194
242	512
390	44
292	211
303	506
200	545
283	100
240	123
274	533
254	549
206	444
383	365
274	414
437	432
350	382
273	588
165	438
428	299
238	484
249	287
413	61
201	219
327	281
286	165
365	276
65	363
412	137
187	406
292	40
354	191
298	351
299	125
391	468
392	67
528	217
347	116
293	299
314	290
117	260
291	316
269	447
112	354
319	381
294	288
302	206
330	395
171	417
467	339
186	510
354	228
267	160
206	408
166	375
335	245
145	348
353	265
327	29
257	114
278	107
271	109
298	392
474	390
483	326
273	473
290	503
301	334
162	250
298	173
296	210
195	387
247	324
389	77
304	501
338	58
250	62
445	225
267	518
100	343
323	552
310	385
295	544
250	286
301	102
353	443
452	240
418	464
300	461
49	303
230	309
237	409
284	494
351	430
343	177
316	185
271	226
145	208
282	340
433	309
155	316
324	288
410	177
266	426
313	37
296	288
350	223
290	409
135	142
334	214
89	149
330	373
239	226
312	487
110	336
268	389
256	274
256	11
347	72
217	252
213	75
311	514
323	181
353	137
294	198
319	179
284	523
394	393
254	526
565	209
189	406
282	369
461	241
285	215
230	45
291	146
297	121
347	306
298	491
357	231
382	504
484	331
137	182
291	304
391	317
374	153
296	515
348	438
324	201
302	93
276	310
389	234
68	311
119	392
297	229
455	241
510	253
420	315
305	233
277	457
276	396
408	527
399	421
98	177
138	405
307	145
453	311
268	78
255	224
192	225
174	232
297	432
348	328
280	564
325	320
504	249
287	310
323	295
308	163
291	365
237	564
267	507
367	147
335	331
310	531
44	299
259	325
258	592
264	534
206	496
57	423
195	293
231	488
366	41
339	308
316	476
400	345
349	10
301	204
201	209
346	61
305	119
285	88
280	377
169	454
481	438
300	158
330	447
38	360
437	349
232	519
113	402
304	374
289	349
283	213
322	174
279	409
314	593
300	357
453	237
271	497
281	50
307	126
54	380
567	175
373	353
364	484
179	367
547	326
300	536
235	185
213	358
395	340
27	340
472	191
301	367
279	248
391	138
295	143
271	443
550	288
353	491
344	299
350	353
370	168
374	391
195	344
38	211
289	273
375	465
159	446
565	200
198	221
333	20
378	233
263	264
294	518
255	293
244	77
249	128
431	382
329	166
191	414
261	209
435	169
225	316
272	193
221	408
300	195
348	419
378	529
237	501
279	200
208	490
574	279
338	208
421	346
268	349
369	305
426	345
471	325
430	134
351	64
285	243
246	434
298	128
350	92
243	431
123	327
222	412
281	426
345	523
175	286
341	459
301	176
249	392
312	199
234	240
302	108
126	218
241	327
372	101
258	300
412	86
397	105
43	171
328	300
303	432
414	308
485	199
442	306
302	398
280	213
385	489
395	185
180	340
300	32
308	292
310	559
294	458
195	121
160	533
534	282
222	451
332	551
68	295
339	360
226	100
297	222
362	109
226	141
293	232
380	317
258	125
153	504
319	309
285	204
215	169
424	136
329	384
237	131
201	123
334	480
397	518
310	207
283	274
336	422
187	193
279	281
469	230
337	188
305	433
388	76
408	454
390	345
303	504
427	250
177	509
330	489
320	214
302	576
82	163
430	106
297	112
154	525
324	257
474	246
120	489
308	124
300	495
238	271
188	347
154	364
253	259
320	332
300	40
386	136
331	376
243	141
322	209
232	314
313	424
302	445
9	300
102	251
271	195
154	317
99	192
289	405
167	174
329	121
318	443
281	419
30	248
393	570
249	542
349	366
184	219
249	318
317	319
444	284
467	65
284	481
436	359
65	394
191	446
301	544
355	69
278	261
310	404
291	183
114	407
375	91
217	420
538	256
283	204
193	418
450	112
345	40
200	527
242	386
142	155
89	259
298	161
285	430
289	349
285	215
399	287
341	413
550	271
444	390
223	144
394	163
259	470
301	293
417	98
363	191
403	352
329	458
248	441
364	497
301	296
192	150
266	460
307	300
431	330
245	96
441	342
296	441
259	70
96	392
253	164
252	141
305	57
137	350
507	262
322	502
335	353
367	485
466	407
52	371
369	225
185	350
589	251
284	347
425	194
382	455
434	424
257	388
343	388
84	325
260	152
280	583
192	534
299	505
306	421
294	255
183	457
195	116
413	306
368	530
336	255
216	125
234	230
361	484
119	151
359	307
103	324
180	43
395	388
268	563
294	330
380	552
229	138
505	324
317	349
299	123
280	434
269	308
420	275
321	243
300	181
482	448
328	147
488	188
438	353
254	431
282	269
448	352
368	254
423	252
205	134
309	287
364	183
237	276
150	281
349	185
291	417
388	303
105	134
343	223
415	221
273	350
299	532
404	213
303	459
228	539
129	293
311	352
259	284
297	297
51	201
319	55
285	292
265	390
357	306
283	85
310	452
224	408
473	253
380	373
284	430
208	247
300	369
277	50
300	218
300	400
337	360
277	105
326	319
371	514
163	260
281	300
290	478
310	364
285	560
300	300
348	215
246	345
487	246
174	340
350	474
383	368
90	267
357	100
485	255
289	151
332	315
425	195
337	418
181	148
322	555
359	103
329	435
289	156
300	164
223	514
377	233
257	326
510	259
341	193
300	331
263	306
329	519
464	403
380	163
467	405
238	147
357	426
266	298
358	568
297	215
203	494
482	290
280	73
243	384
297	216
503	514
220	63
300	336
251	398
97	136
236	329
412	367
179	189
504	420
268	31
232	106
180	180
335	562
268	596
382	349
470	313
405	275
204	372
72	410
157	439
253	413
370	24
279	115
346	365
303	53
139	243
353	214
339	310
299	458
322	268
246	289
522	496
120	271
421	497
79	422
147	307
376	391
203	66
349	349
357	411
325	548
281	259
310	5
303	73
339	259
288	306
231	466
347	470
292	272
240	46
271	368
235	188
231	426
181	349
254	327
311	541
413	305
515	134
88	437
315	593
195	179
321	168
328	68
428	406
342	473
279	123
301	29
84	235
383	215
250	39
301	438
454	242
290	36
269	200
294	152
240	178
291	563
114	288
86	351
299	66
294	554
458	241
222	185
265	431
199	468
29	374
289	298
244	295
75	360
195	61
83	350
220	338
390	216
523	368
335	196
105	158
414	432
308	449
287	565
312	176
291	569
335	522
190	181
207	48
514	429
307	304
565	362
314	578
392	295
376	368
225	374
210	127
89	214
327	397
144	266
220	279
286	508
338	424
261	202
453	319
252	145
259	381
407	493
246	539
297	88
383	179
314	36
328	592
227	249
398	493
292	38
395	496
290	490
469	386
459	423
367	293
206	300
243	119
394	411
331	202
402	420
372	530
317	475
300	283
302	250
451	454
83	291
195	201
383	339
379	296
298	366
177	253
139	162
379	139
247	486
295	216
367	213
251	65
272	146
283	35
262	361
183	541
300	589
262	416
402	307
302	554
297	239
320	386
300	419
485	394
310	541
268	230
70	266
356	527
326	355
370	174
386	74
148	157
371	29
293	462
347	285
353	481
382	545
520	420
278	342
284	310
354	259
293	121
232	488
107	374
368	550
234	165
324	580
342	294
364	494
297	532
206	62
294	381
227	407
405	335
306	249
393	467
283	20
272	321
192	307
311	401
233	419
378	491
94	262
342	362
307	253
351	477
309	37
180	70
331	279
423	224
339	177
81	241
97	446
146	209
267	435
328	37
324	438
459	491
271	219
365	274
519	332
297	350
305	195
286	512
311	95
374	418
412	221
335	506
217	271
206	113
187	161
486	120
351	455
279	155
361	185
334	363
234	50
446	353
305	330
363	131
109	301
300	112
257	92
174	313
369	298
299	220
230	172
262	555
460	231
188	370
209	177
321	6
357	371
300	123
297	563
376	480
149	267
307	338
139	268
291	97
236	192
146	140
301	49
200	104
390	338
391	404
324	443
85	121
310	381
309	127
225	139
149	236
236	125
325	427
390	31
314	178
324	95
345	482
345	565
397	85
109	153
276	274
162	129
344	562
90	207
330	268
128	443
294	174
282	293
357	272
331	195
404	219
117	216
234	149
520	291
216	295
321	523
264	189
421	464
284	252
295	411
84	495
381	405
496	374
181	410
381	433
310	529
301	316
359	466
181	252
101	112
353	401
500	392
220	471
295	467
461	343
250	283
266	295
355	296
240	91
311	278
377	435
204	423
383	371
267	175
301	236
301	264
400	576
326	396
300	349
79	279
297	356
260	472
281	273
188	411
150	218
339	268
278	293
283	273
330	413
323	83
75	339
281	201
429	181
300	11
313	10
451	489
265	130
278	126
428	246
346	318
365	190
340	344
150	473
287	532
468	277
526	134
283	398
286	59
389	342
521	361
282	81
185	257
147	248
461	184
219	249
283	334
269	314
268	388
316	258
424	101
483	201
315	161
275	315
290	75
295	102
281	89
95	240
132	160
389	220
186	219
423	92
312	482
495	404
129	378
229	310
303	294
305	351
254	337
322	533
391	277
325	288
377	405
318	300
311	19
341	248
255	266
288	406
183	53
153	303
419	455
207	430
315	557
428	462
373	492
133	109
380	581
360	23
319	562
183	175
341	268
66	321
476	438
195	492
246	251
309	424
299	548
271	109
378	422
315	272
319	378
439	360
336	363
185	94
254	128
300	356
300	249
526	380
185	97
530	291
319	419
440	250
80	187
200	202
287	511
416	275
202	177
231	248
391	231
305	222
288	551
318	318
156	223
208	414
232	344
463	93
299	306
292	179
300	149
304	410
265	320
35	250
277	283
337	47
199	253
213	474
548	188
373	537
450	521
299	354
389	74
412	215
290	386
357	566
272	300
300	174
343	515
192	261
316	435
286	250
305	250
440	289
181	103
393	237
317	377
145	337
200	298
250	284
371	44
148	538
103	421
337	130
381	141
263	269
289	341
300	313
176	56
347	51
187	558
136	331
292	137
302	345
516	336
225	188
293	86
329	429
189	233
342	426
286	274
130	235
379	355
308	394
361	311
364	435
339	510
274	280
319	405
300	484
364	359
308	579
271	360
328	103
433	192
456	226
239	472
375	517
302	444
360	484
466	446
285	226
279	323
332	317
301	395
296	456
461	247
320	343
370	254
380	454
444	288
200	278
267	481
288	365
167	476
191	376
289	19
305	256
313	270
300	294
430	150
225	359
170	286
525	434
325	440
308	297
507	275
211	333
339	233
313	201
227	473
233	371
305	327
246	17
186	109
496	133
295	541
265	572
134	204
212	410
293	573
352	368
463	456
367	132
253	94
298	304
255	466
328	106
290	102
197	353
264	438
328	239
300	163
221	449
318	546
245	397
71	176
330	329
511	151
162	163
215	412
240	318
374	319
416	201
301	550
218	306
300	538
318	267
270	485
374	191
408	274
316	236
435	465
304	577
345	404
227	141
300	62
370	166
237	470
178	193
314	157
58	256
339	433
288	198
293	521
286	144
157	368
148	253
303	289
249	154
426	134
269	202
240	246
432	519
282	514
219	308
147	140
342	136
243	575
82	222
360	184
319	193
327	415
364	336
399	106
430	339
320	235
373	268
311	311
338	169
378	112
263	174
246	351
299	226
342	488
198	247
253	214
332	379
434	321
260	145
313	356
373	457
305	311
324	465
271	546
495	441
240	319
436	287
326	556
182	218
136	428
302	88
270	238
336	140
190	156
303	319
78	345
511	424
250	277
262	452
282	422
298	234
156	373
306	387
300	497
194	410
314	152
303	559
341	300
298	8
299	190
338	204
61	249
392	302
291	225
306	402
340	497
149	280
338	182
214	305
373	185
439	322
273	154
468	223
351	166
305	487
434	99
147	521
395	92
343	541
335	282
201	403
317	367
451	503
321	560
254	482
36	380
436	472
265	450
258	414
204	498
302	563
249	334
303	353
255	197
274	385
277	66
324	161
237	114
229	279
464	204
202	379
435	500
274	277
332	584
444	296
440	173
299	205
340	537
350	110
242	279
197	372
265	420
325	88
402	260
209	244
189	316
290	380
283	507
316	459
284	271
295	312
336	432
251	475
222	52
320	97
146	318
322	24
286	399
242	161
237	301
390	201
152	313
297	46
326	286
236	506
226	416
282	522
423	310
317	10
201	471
357	58
371	546
271	568
342	502
441	403
125	513
375	520
336	92
308	131
298	560
330	440
322	107
251	481
261	263
247	265
357	546
316	49
301	561
301	92
178	213
359	472
511	337
298	179
300	585
111	289
268	530
441	236
225	390
329	320
321	453
348	344
341	444
242	524
244	431
275	154
411	453
557	192
313	48
299	249
317	328
16	316
327	381
372	77
257	349
312	177
281	433
160	202
349	438
276	584
278	279
310	255
317	457
241	509
208	78
272	172
325	146
389	448
321	71
554	371
283	167
278	583
295	493
83	308
61	372
329	216
317	355
290	345
339	572
384	143
284	446
328	190
325	477
286	298
214	376
123	451
307	117
408	413
296	339
223	467
292	342
299	476
248	56
456	335
132	265
92	214
279	546
282	393
116	194
418	512
264	503
302	412
267	280
294	286
331	270
235	526
221	227
400	157
304	182
228	345
535	391
360	217
289	184
368	520
220	314
254	111
153	294
339	335
120	270
363	378
352	135
294	45
154	418
157	290
258	565
332	375
292	232
250	363
344	341
339	310
320	416
325	338
403	280
526	338
315	417
349	96
422	521
399	255
353	420
267	469
406	258
402	236
303	123
300	384
338	215
277	316
222	283
270	270
384	172
375	412
298	330
271	174
446	368
299	421
328	34
292	135
82	171
336	529
275	308
535	412
330	312
480	217
341	122
308	120
282	396
427	263
252	106
425	183
380	455
467	235
487	201
361	186
349	86
207	385
232	428
395	255
287	492
408	86
295	348
199	420
331	502
117	452
285	271
375	291
242	97
306	192
286	57
292	542
192	402
557	298
304	552
286	41
313	80
69	422
159	413
245	149
241	212
332	434
64	365
300	259
352	303
297	63
193	505
4	319
282	337
264	547
241	142
300	73
375	234
250	339
196	31
468	289
304	158
325	205
275	424
309	413
522	440
499	187
327	189
297	322
324	175
442	263
268	404
142	378
284	113
328	295
274	424
300	551
399	135
174	281
356	380
441	229
395	283
561	200
496	168
223	211
335	567
289	496
177	349
267	25
124	468
189	350
374	368
84	294
308	36
283	301
309	178
239	302
327	298
335	385
233	305
287	575
421	234
342	307
312	153
257	34
285	80
349	425
504	129
297	108
339	277
255	561
304	511
330	56
315	131
299	388
390	449
135	127
331	155
256	125
319	347
338	442
386	569
182	514
22	274
295	171
75	426
347	77
324	228
120	430
171	385
309	513
156	242
396	283
461	106
142	516
227	447
521	173
350	554
416	420
357	321
247	146
387	297
296	499
290	386
123	378
430	169
350	371
304	506
324	288
196	275
288	479
467	266
313	166
309	552
400	475
458	348
333	396
214	363
185	374
268	169
250	393
37	326
177	127
339	155
378	204
304	443
273	347
352	218
331	187
377	340
353	387
314	239
352	106
356	128
319	197
321	362
245	173
289	236
377	131
222	439
288	439
53	241
136	146
252	370
168	295
305	315
132	491
270	346
402	156
369	160
264	207
241	177
363	208
281	448
411	279
233	232
336	434
167	41
209	141
363	139
298	156
303	332
274	143
351	542
296	49
261	81
293	6
297	339
221	199
298	217
317	521
380	156
421	129
190	567
188	92
258	459
298	475
125	266
333	176
125	353
451	503
255	351
279	32
224	230
390	395
169	198
258	56
341	47
389	323
344	437
305	300
153	364
421	232
305	442
437	316
263	142
408	189
300	153
126	349
280	338
327	219
456	222
483	251
271	354
247	417
458	314
251	160
333	315
508	274
183	126
168	395
477	295
325	435
288	178
311	494
291	38
217	194
253	188
433	96
406	430
221	141
548	214
321	96
302	404
310	303
371	341
322	119
336	349
164	247
283	250
331	365
344	525
365	391
149	371
391	315
408	67
68	360
399	184
537	431
279	71
281	131
374	382
364	117
225	103
394	511
356	173
321	500
271	294
488	326
351	111
282	74
373	526
296	510
127	306
313	429
417	208
184	212
280	320
276	535
354	102
431	486
136	312
302	142
307	264
521	418
295	304
574	245
250	368
401	128
300	67
348	202
279	345
355	310
310	358
304	505
180	153
427	235
338	309
311	551
305	54
263	181
498	473
245	86
393	423
300	381
206	222
281	120
221	280
256	486
312	132
374	491
302	282
432	337
450	438
399	120
183	426
311	407
83	284
329	509
387	464
196	512
324	191
200	316
311	283
108	260
451	230
461	205
328	401
283	492
316	268
330	569
345	290
280	104
395	41
345	219
153	377
199	525
248	204
302	301
446	285
158	223
427	216
368	513
283	381
228	560
480	285
384	509
274	16
404	317
305	261
337	247
302	37
325	439
192	394
284	302
466	388
323	387
401	141
371	349
162	466
50	251
300	324
317	548
101	426
55	165
473	289
342	276
430	401
312	53
545	232
251	287
148	178
326	399
316	557
296	86
339	405
385	190
159	272
224	519
271	348
255	478
300	378
344	448
393	163
269	333
286	210
332	86
267	327
300	435
111	111
264	402
301	440
137	170
300	385
298	180
308	478
404	188
325	297
304	204
240	191
297	264
319	211
223	394
423	300
180	407
360	566
236	444
330	243
439	394
284	272
564	434
471	169
344	379
240	249
200	47
344	127
312	112
287	270
290	456
105	410
159	130
306	590
485	214
507	444
454	431
255	557
399	284
345	537
331	241
259	261
332	300
121	220
290	224
300	317
182	432
247	163
183	469
331	567
392	329
326	88
241	120
289	28
177	300
344	398
320	130
67	377
263	513
234	282
335	230
328	395
333	166
478	175
374	69
348	583
276	114
312	242
448	490
427	361
455	245
143	109
422	392
394	297
247	526
391	404
231	580
283	458
183	206
334	292
383	528
419	85
258	378
295	231
336	114
255	375
168	207
353	223
57	433
348	53
255	213
343	370
282	351
312	53
228	37
201	108
328	202
263	428
327	149
399	55
157	270
290	314
334	320
371	200
243	555
436	221
515	346
460	113
315	439
408	310
304	528
117	358
298	353
423	197
131	327
217	127
77	279
320	485
333	312
84	265
328	62
477	272
426	186
300	175
305	437
340	308
302	23
232	497
457	92
248	400
215	549
288	511
270	133
200	187
307	92
329	275
302	115
557	339
356	115
322	517
151	398
320	229
272	398
302	69
216	168
325	551
462	320
292	560
329	226
75	270
181	513
583	334
242	344
285	58
276	347
280	156
293	233
274	215
108	385
417	457
371	79
378	300
142	308
296	40
305	18
259	54
268	244
329	337
435	335
346	297
377	283
257	48
408	135
297	582
513	396
267	65
264	379
290	9
280	139
110	520
305	395
555	219
328	347
384	424
367	375
302	200
146	483
306	475
314	284
308	433
271	298
310	330
325	157
455	300
162	227
318	282
373	159
229	167
486	374
288	81
107	299
492	211
305	150
129	379
341	445
400	172
371	344
339	416
92	151
337	198
82	349
345	244
309	275
301	292
284	367
112	312
237	115
440	259
277	403
187	56
220	348
267	254
417	446
233	332
590	297
308	220
210	107
349	43
281	190
423	270
263	187
313	451
410	404
100	250
244	221
280	321
321	162
288	478
286	237
284	399
162	555
253	294
334	587
128	252
167	105
357	261
510	200
558	425
128	242
371	135
31	311
266	212
505	343
304	169
458	451
300	453
171	437
343	102
294	472
222	327
30	271
267	112
279	401
259	454
213	59
279	27
307	528
506	133
384	258
279	482
287	169
332	470
479	346
216	326
291	543
445	495
318	474
172	251
378	233
450	342
281	449
231	298
278	522
498	140
186	234
288	225
271	521
324	294
336	80
312	505
267	262
277	518
145	434
339	181
296	154
282	268
269	398
290	435
232	394
376	222
294	165
365	180
243	403
405	185
330	383
243	448
264	399
365	291
378	96
450	369
408	102
235	383
233	71
363	368
321	194
143	507
581	355
366	355
265	271
428	296
296	136
293	75
352	322
456	375
462	285
224	498
457	330
250	348
417	274
328	95
209	189
359	70
304	375
438	163
233	214
158	251
250	120
407	350
440	310
309	531
284	76
307	360
306	311
264	513
315	54
322	556
311	418
328	172
426	511
496	234
282	160
278	380
243	582
262	398
211	377
316	413
279	592
284	526
189	422
302	342
211	461
316	64
261	132
200	318
229	233
534	287
174	106
249	236
287	324
357	227
297	348
300	420
446	373
292	324
395	149
361	248
363	565
304	232
319	338
302	139
8	312
283	143
117	387
170	179
458	255
274	445
280	390
344	65
117	425
306	174
383	251
306	382
343	266
315	71
312	277
350	343
293	268
301	216
123	394
268	168
362	446
89	206
46	358
137	331
88	144
303	440
296	379
413	435
287	306
289	364
458	249
267	107
312	219
307	249
294	384
446	294
366	183
324	540
165	114
159	428
352	582
385	129
278	169
224	390
346	149
326	443
299	549
425	284
311	351
406	501
250	176
321	319
319	292
186	173
257	104
300	350
176	450
60	360
498	313
463	215
257	256
411	246
256	364
313	64
300	249
311	462
329	43
224	164
274	290
245	551
200	436
339	401
307	7
56	322
298	126
337	242
359	519
180	330
238	353
389	123
189	310
362	328
438	289
366	237
291	328
303	561
287	107
215	246
325	65
294	89
351	450
369	432
411	256
311	68
289	124
352	84
316	319
293	412
369	150
274	340
271	316
298	388
290	367
360	430
227	270
163	291
300	306
351	278
324	279
284	432
318	505
130	268
190	311
295	519
258	158
371	467
78	300
253	321
232	329
225	268
340	486
281	22
383	175
319	149
335	546
249	204
253	27
230	311
176	220
232	444
518	123
147	205
329	400
431	441
414	290
303	545
179	240
270	338
242	534
290	122
275	465
372	385
435	300
397	380
296	322
303	504
351	299
302	440
236	549
345	388
345	537
300	141
380	304
183	214
306	165
485	361
302	497
339	254
255	587
344	322
372	353
363	308
264	407
298	290
300	553
279	326
315	575
343	415
299	159
337	514
354	580
281	150
353	457
198	436
282	207
228	353
392	335
406	494
301	266
330	402