196	581
104	527
529	493
327	598
68	110
578	412
401	18
467	549
478	541
519	95
556	144
518	506
495	73
142	45
136	551
218	12
20	407
488	533
501	522
464	551
190	579
233	592
324	599
333	2
576	183
565	440
129	54
463	551
519	95
187	23
234	592
526	103
569	432
197	19
246	5
235	592
318	599
29	428
511	87
123	542
562	154
409	21
319	1
316	1
512	512
256	4
550	465
549	133
591	372
3	258
162	34
514	90
217	12
532	490
364	7
166	568
295	1
57	475
217	588
23	185
525	498
249	5
582	402
510	514
12	384
157	563
371	9
355	594
146	557
248	5
153	39
444	37
27	424
95	519
363	593
270	2
467	549
18	402
416	576
570	430
81	505
456	44
103	526
345	596
14	210
350	5
488	67
120	60
219	588
64	485
361	593
397	583
318	1
78	99
479	60
47	139
237	7
296	599
544	126
473	55
456	44
578	412
15	207
382	588
371	591
0	300
543	125
38	446
321	599
58	123
126	56
576	183
322	1
529	107
484	64
173	29
309	1
264	3
193	580
83	93
214	587
563	444
537	483
407	580
9	372
402	18
107	529
337	597
572	174
199	582
397	583
579	410
24	417
35	160
569	168
226	10
256	4
445	562
187	23
211	586
57	125
194	20
65	114
63	483
56	474
149	559
25	181
471	546
590	376
344	596
301	1
327	2
31	432
265	597
274	598
190	579
221	11
470	53
484	536
100	77
33	436
392	15
418	575
467	549
115	64
115	64
280	1
351	595
260	597
332	598
184	576
517	507
251	595
385	13
39	447
590	376
60	120
540	120
270	598
221	11
442	36
576	417
126	544
476	58
174	572
506	82
394	16
251	5
20	407
400	582
312	599
65	114
133	51
581	405
224	590
456	44
423	573
459	46
467	51
444	563
366	592
174	572
140	47
252	596
375	590
159	564
218	588
408	579
415	577
494	528
580	407
200	582
151	560
375	10
331	598
227	10
355	6
334	2
42	147
205	584
165	33
162	34
73	496
183	576
238	7
357	594
197	19
170	570
230	9
425	572
441	564
587	387
190	21
564	158
297	599
257	4
141	46
76	499
97	520
530	492
463	551
300	0
65	486
457	45
47	461
69	109
371	591
146	557
510	86
429	30
91	515
60	480
161	35
363	7
542	477
277	1
558	147
504	519
43	146
289	1
518	94
583	399
332	598
403	581
501	522
221	11
557	146
170	30
485	536
233	8
212	586
205	16
214	13
92	84
207	585
271	598
393	585
138	552
48	138
563	156
343	596
167	32
236	7
520	503
54	471
491	69
311	1
149	559
260	597
470	547
457	45
445	562
545	473
507	517
203	583
461	553
473	545
184	576
282	599
233	8
79	502
60	480
371	591
106	72
203	17
296	1
13	213
114	535
405	19
534	487
305	599
245	6
270	598
204	584
493	529
57	475
389	586
274	2
276	599
46	459
552	462
511	87
591	372
551	464
134	549
199	18
263	597
503	520
27	424
343	596
247	5
164	33
340	3
47	461
198	18
15	393
486	535
359	594
115	64
169	31
451	559
138	552
55	473
263	597
228	591
381	12
206	584
87	511
47	139
312	1
341	597
384	588
306	1
539	119
397	17
525	102
229	9
458	45
238	593
322	599
260	597
345	4
500	77
45	458
418	25
160	565
541	478
214	587
575	181
320	599
505	81
31	168
315	1
452	42
464	551
243	6
48	138
17	201
175	28
458	45
259	3
405	581
26	178
452	42
330	598
330	2
131	53
145	44
7	236
420	26
425	572
7	364
411	578
111	68
97	80
571	428
443	37
545	127
489	532
374	10
54	471
13	213
295	1
289	1
413	577
86	90
405	581
457	555
593	236
47	139
40	151
355	6
80	503
401	18
148	42
456	556
160	565
453	558
369	9
538	482
458	45
261	597
433	568
204	584
64	115
7	236
599	324
198	582
14	210
121	540
48	138
415	577
388	14
413	577
285	599
360	593
129	54
422	26
7	364
543	125
153	39
249	595
129	546
169	569
584	204
565	160
146	43
197	19
5	354
355	594
527	104
216	12
23	415
213	587
52	132
291	599
595	354
442	564
516	508
230	591
587	387
456	556
404	19
345	4
167	568
265	3
356	594
397	17
512	512
382	588
85	91
582	198
55	473
38	154
219	12
75	102
546	129
240	593
499	76
340	597
463	551
211	14
150	41
203	583
543	125
133	51
292	599
51	133
388	586
169	31
538	118
300	600
90	86
447	39
500	523
132	52
489	532
503	520
202	17
486	535
281	599
509	515
15	393
487	534
492	530
30	430
460	553
467	549
527	104
89	87
25	419
516	92
448	40
287	599
525	102
323	599
585	207
347	4
304	599
28	426
371	591
395	584
95	519
254	4
75	498
52	132
432	31
152	40
273	598
104	527
193	20
197	581
395	16
163	566
341	3
256	596
494	72
410	21
214	13
520	503
117	537
298	1
307	599
421	26
183	576
166	32
227	10
264	3
452	42
553	461
248	5
174	572
48	462
15	393
325	2
182	25
471	54
200	582
464	49
518	506
431	31
189	22
504	81
289	599
448	40
129	546
183	576
435	33
142	45
368	8
144	556
250	5
109	531
522	501
193	20
391	585
436	567
128	55
266	2
595	246
242	594
526	497
404	581
482	538
212	586
503	520
355	6
74	103
100	523
164	567
580	407
228	591
395	16
45	458
79	98
594	359
551	464
333	598
101	524
391	15
469	547
41	149
586	210
498	75
168	31
377	11
276	599
170	570
399	17
414	577
257	596
442	36
187	577
354	5
301	599
510	514
453	558
258	3
481	61
316	1
260	3
183	24
380	589
276	1
61	119
144	556
246	595
352	5
96	81
232	592
239	7
212	14
481	61
86	90
468	52
214	587
260	597
312	599
274	2
118	538
304	1
518	94
536	115
343	4
373	10
373	10
505	519
484	64
45	458
520	97
495	73
179	574
366	8
48	138
465	50
285	599
405	19
454	43
565	160
259	597
132	52
307	599
262	3
298	1
452	42
230	9
94	82
263	597
163	34
405	581
196	19
404	581
471	54
82	94
416	24
449	560
65	114
167	568
25	419
250	5
531	491
210	586
325	2
79	98
9	372
25	181
353	5
423	27
491	531
383	588
196	19
83	93
41	451
261	597
176	573
185	577
461	553
121	60
97	80
102	525
572	426
241	6
483	63
274	598
293	1
16	204
367	8
487	534
0	300
232	8
182	25
98	521
79	502
502	79
548	468
456	556
119	61
353	5
230	9
578	188
312	1
451	559
340	597
41	451
489	532
550	135
95	519
113	534
508	516
271	2
91	85
138	48
175	572
365	592
158	36
490	68
520	503
466	549
351	595
508	516
288	1
57	125
175	572
243	594
553	139
94	82
594	241
255	4
104	73
585	393
407	580
542	477
226	590
570	430
27	176
531	491
234	8
261	597
74	497
171	570
185	23
56	474
62	118
283	599
540	480
280	599
85	91
267	2
314	1
455	44
582	198
309	1
427	571
0	300
388	14
373	590
33	436
552	138
185	577
322	599
530	108
319	599
284	599
67	488
523	100
93	517
227	590
235	592
494	72
61	481
153	561
302	1
413	23
452	558
328	2
361	7
364	7
290	1
448	40
276	1
306	599
223	589
182	575
363	593
480	540
7	236
429	570
160	35
416	576
414	577
176	27
515	509
486	65
268	598
389	586
114	65
186	577
402	582
19	405
288	599
236	7
99	78
580	193
305	1
286	599
59	122
419	25
260	3
533	112
563	444
335	597
367	592
280	1
162	566
310	1
118	62
311	599
213	13
354	595
221	11
460	47
255	596
359	6
376	10
253	4
313	599
562	154
185	23
479	540
507	517
131	547
442	36
116	64
424	573
163	566
126	56
86	510
350	595
206	584
20	193
1	276
3	258
194	580
444	37
52	468
160	565
302	599
543	125
448	560
370	591
395	584
362	7
359	594
459	46
30	430
371	591
77	500
389	14
19	195
314	599
290	1
343	596
571	172
65	114
494	528
229	9
126	56
196	19
99	522
275	2
401	582
225	10
422	26
434	32
41	149
513	511
430	570
18	198
174	28
517	93
187	577
590	376
393	15
369	9
319	599
570	430
165	33
275	598
520	97
271	598
369	591
452	558
531	109
494	72
99	78
85	509
498	525
480	540
486	535
467	549
311	1
100	523
125	543
156	37
302	599
353	5
85	91
127	55
70	108
518	506
430	30
231	591
224	590
241	6
10	224
264	3
302	599
381	588
420	574
296	1
309	599
289	1
242	594
191	579
75	498
520	503
139	47
503	520
65	114
243	6
26	178
500	77
393	15
216	588
16	396
196	19
408	21
134	51
413	23
471	546
5	354
174	28
151	560
367	8
296	599
419	575
392	15
33	436
19	195
18	198
180	574
34	438
108	530
186	23
288	1
131	53
264	597
53	130
268	598
69	109
233	592
85	91
9	228
573	424
521	98
455	44
436	33
224	590
596	252
307	599
96	81
271	598
137	49
569	432
367	8
20	407
433	568
412	578
146	43
347	596
110	532
443	563
531	109
482	538
549	467
547	130
378	589
120	540
180	574
53	130
252	596
329	2
500	523
414	23
421	574
231	591
343	596
241	594
447	561
50	465
394	584
438	566
304	599
257	596
180	574
215	13
72	494
398	583
517	507
101	524
280	599
374	10
271	2
70	108
131	547
302	599
72	494
346	596
576	417
550	465
126	544
129	546
413	23
257	596
593	364
78	501
109	69
235	8
467	51
414	577
147	42
417	24
555	142
585	393
516	508
404	581
29	172
344	596
185	577
382	588
571	172
301	599
258	597
522	99
583	201
597	342
211	14
408	579
230	591
496	73
322	599
174	28
318	599
111	532
446	562
583	399
360	7
69	109
193	580
576	183
510	514
559	149
111	532
117	63
565	440
147	558
76	499
552	138
484	64
76	499
273	598
330	598
35	160
83	507
464	551
567	164
84	92
239	7
579	410
518	506
61	119
22	188
72	494
118	62
100	77
201	583
103	74
466	51
353	595
539	481
393	585
350	5
302	599
10	224
467	549
423	27
522	501
52	468
233	8
293	1
137	49
483	63
442	36
532	110
181	25
193	580
234	592
342	3
120	60
84	92
331	2
354	5
519	95
483	537
554	459
432	569
200	582
278	599
384	12
26	178
300	0
193	20
6	241
253	596
517	93
57	125
455	556
325	598
16	204
277	599
49	136
507	83
76	101
246	5
444	563
178	574
521	98
150	41
40	151
517	507
234	592
364	7
235	8
179	574
258	597
215	587
593	364
179	26
34	438
14	390
401	18
200	18
569	432
222	589
158	564
477	542
98	521
11	220
467	51
440	35
537	483
508	516
237	593
467	51
349	595
323	1
477	542
190	579
135	50
435	567
51	133
574	178
553	139
72	106
475	57
265	3
448	40
89	87
531	491
199	18
322	1
161	35
547	470
250	5
48	462
65	486
411	578
382	12
21	190
143	45
503	80
121	60
228	9
595	246
590	376
563	444
581	405
100	77
582	198
423	573
112	67
14	210
442	36
216	12
591	372
358	6
4	348
556	456
592	232
228	9
586	390
236	7
73	496
231	591
68	490
97	80
2	334
36	158
235	8
64	115
382	12
87	89
172	29
191	579
313	599
576	417
283	1
373	590
26	422
327	598
312	599
101	524
250	5
112	533
524	499
307	599
420	574
584	396
4	252
413	23
450	41
533	488
493	529
466	549
430	570
169	31
230	591
198	582
222	589
542	123
96	81
100	77
445	38
187	577
72	106
482	62
136	551
461	553
532	110
464	551
558	147
294	1
345	596
168	31
479	60
402	18
291	599
511	87
494	528
484	536
133	51
2	266
383	588
477	58
84	92
458	45
424	27
109	531
407	20
56	126
451	41
543	125
249	595
0	300
106	72
425	28
421	574
490	532
58	123
537	117
377	11
492	70
232	592
488	67
251	595
88	88
278	1
154	38
110	532
260	597
46	459
348	4
150	41
13	213
365	8
556	456
63	117
26	178
49	464
509	515
161	35
575	419
315	599
199	18
446	38
118	62
54	471
506	82
210	14
335	3
269	598
268	2
362	593
273	2
424	27
46	459
357	594
518	94
167	32
298	1
149	559
418	25
333	2
7	364
327	2
220	589
445	562
163	34
254	4
252	4
240	7
95	81
123	58
594	359
421	574
599	276
112	533
485	64
327	598
551	464
559	451
249	595
163	566
126	56
439	565
559	149
254	596
150	41
143	45
528	106
418	25
257	596
1	276
514	90
513	89
37	444
216	12
185	23
184	576
209	15
201	17
334	2
517	93
517	507
189	578
516	92
417	24
477	58
229	591
141	46
31	432
358	6
100	77
512	512
570	430
127	545
328	2
582	198
194	20
433	32
393	585
520	503
7	236
327	598
472	545
290	599
516	508
574	178
81	505
331	2
237	7
118	62
97	520
418	575
97	80
166	32
23	185
562	446
208	585
531	491
30	170
494	72
333	2
73	104
449	40
205	16
516	508
120	540
350	5
414	577
580	407
464	49
315	599
509	515
303	599
36	442
140	553
508	84
93	517
147	42
586	390
274	598
420	574
338	3
4	348
527	496
154	562
306	1
138	48
341	597
192	21
208	585
364	7
128	55
48	462
575	419
319	1
527	496
272	598
7	364
447	39
280	1
141	46
377	11
54	471
255	596
200	582
449	560
459	46
471	546
60	480
458	555
99	78
78	99
21	410
45	142
404	581
421	574
313	1
313	1
564	442
262	597
363	7
539	119
558	453
140	553
267	2
120	540
68	490
21	410
86	90
318	1
101	76
235	592
331	598
470	547
592	232
542	477
276	599
404	581
407	20
59	478
121	60
349	5
269	598
456	556
384	588
183	24
104	73
588	216
239	593
444	563
559	149
131	547
159	564
14	390
60	480
112	533
355	594
556	144
482	62
121	60
22	188
532	490
591	372
214	13
336	3
478	59
299	1
274	598
497	74
95	519
255	596
120	60
100	77
546	471
439	565
350	5
349	595
0	300
456	556
45	458
291	599
185	23
305	599
254	4
38	154
129	54
485	64
486	535
9	228
435	33
256	596
402	18
0	300
592	368
405	19
531	491
131	547
585	393
238	593
331	598
209	585
272	598
235	8
582	198
173	29
515	91
152	40
106	528
108	70
409	21
380	589
150	41
293	599
354	5
236	593
38	154
263	597
194	20
276	1
156	37
341	597
206	584
493	529
496	73
517	507
404	581
351	595
505	81
316	1
215	13
105	527
138	552
467	549
457	45
499	524
69	491
581	405
527	496
306	1
386	587
382	588
592	368
220	589
121	540
221	589
525	498
263	3
427	571
394	16
2	266
62	482
12	216
496	527
507	517
571	172
572	426
563	444
320	1
485	64
376	10
139	47
441	564
156	563
389	14
391	585
225	590
599	276
46	141
90	86
174	28
508	84
512	512
34	162
447	39
544	126
276	599
595	354
148	42
330	598
37	444
551	464
314	599
564	442
421	26
73	496
276	599
57	125
420	26
468	52
210	586
288	1
113	66
464	551
277	599
319	599
110	68
29	428
280	1
80	503
343	4
126	56
432	569
119	539
451	41
575	181
365	8
113	66
129	54
31	432
310	599
109	531
308	599
86	90
296	1
127	55
183	24
407	20
368	592
296	599
217	588
591	228
275	598
382	588
506	518
420	574
76	499
250	5
444	563
342	3
70	492
428	29
442	564
160	35
134	51
585	393
139	553
71	493
290	599
461	553
7	236
569	168
515	91
185	577
160	565
408	579
238	7
133	51
587	213
468	52
246	595
566	438
36	158
140	47
148	42
529	107
397	17
437	34
503	80
109	69
334	598
280	1
91	515
341	597
118	62
464	49
70	492
451	559
592	232
49	136
486	65
590	224
518	94
498	525
340	597
476	58
330	598
539	481
467	549
176	27
151	40
527	496
24	417
381	588
220	11
387	587
267	598
112	67
96	81
277	599
181	575
113	534
455	44
197	19
424	27
2	266
547	130
286	599
530	492
270	598
547	130
389	586
417	576
131	53
191	21
457	45
167	32
584	396
0	300
121	540
431	569
439	565
452	558
320	1
573	176
163	566
185	23
516	92
170	570
219	588
133	549
338	597
270	2
117	537
196	581
11	220
355	6
123	542
185	577
362	593
424	27
537	117
2	334
163	566
187	577
4	348
368	8
181	575
125	57
251	595
548	132
129	546
194	20
2	334
131	53
288	599
302	1
394	16
211	14
311	599
80	503
354	5
363	593
422	574
74	103
544	126
430	570
84	508
550	135
48	462
536	115
173	29
10	224
531	109
391	585
292	599
197	19
257	596
130	547
88	512
463	49
135	550
469	547
362	7
188	578
41	149
459	46
325	2
425	572
41	451
66	487
381	12
325	2
29	172
378	11
200	582
489	532
452	558
77	100
303	1
448	40
217	588
120	60
589	220
583	399
70	492
288	1
254	596
357	6
506	82
206	584
345	596
284	1
187	577
291	599
95	81
197	19
404	581
60	480
185	577
80	97
536	485
582	198
468	52
209	15
164	33
490	532
408	579
347	596
184	24
490	68
596	348
401	582
550	465
2	266
44	456
527	496
177	27
455	44
531	491
69	109
39	153
115	64
520	503
316	1
495	73
574	178
469	547
174	572
299	599
406	20
306	599
217	588
287	1
199	582
350	595
44	144
199	18
579	190
350	595
433	568
4	252
188	578
236	7
553	139
376	10
292	1
104	73
234	592
460	553
283	599
194	20
572	426
193	580
416	24
590	376
166	568
299	599
294	1
133	51
246	595
487	66
361	7
202	17
486	535
526	497
214	13
226	10
303	1
23	415
238	7
155	562
457	555
177	573
578	412
469	53
152	560
549	133
456	556
475	543
376	10
456	556
52	468
555	142
586	390
574	178
71	107
553	139
69	109
104	527
524	101
111	68
364	593
438	34
405	19
0	300
158	36
493	71
546	129
136	49
576	183
50	135
545	127
253	4
189	22
85	509
62	118
216	12
350	5
455	556
333	598
484	536
154	562
179	574
58	477
38	446
143	555
312	599
559	149
171	30
110	532
164	567
94	518
212	14
34	438
562	154
354	5
204	584
481	539
213	13
322	1
488	533
1	324
186	577
398	583
70	108
412	578
122	59
279	1
510	86
444	563
93	517
162	566
219	12
86	510
199	582
294	599
11	380
3	342
62	482
481	539
58	123
42	453
89	87
94	518
226	590
39	447
34	438
305	1
270	2
31	168
157	563
464	551
386	13
137	551
574	422
404	581
220	589
133	549
238	593
285	599
470	547
352	5
566	162
442	36
41	149
542	123
562	446
142	45
82	94
302	599
368	592
35	440
88	88
162	566
230	591
410	579
403	581
483	63
46	141
432	31
591	228
96	519
428	571
387	587
134	51
376	590
486	65
27	176
281	599
58	477
67	488
329	598
223	11
324	599
36	442
282	1
380	589
153	561
486	65
348	596
443	563
209	15
454	557
246	5
412	578
68	490
322	1
596	252
238	7
358	594
470	547
353	595
541	478
245	6
172	571
475	543
549	133
438	34
594	241
171	570
252	4
531	109
336	3
401	582
99	522
447	561
383	12
315	599
397	17
415	577
66	487
278	599
551	464
138	552
112	533
339	597
246	595
282	1
207	15
395	16
259	597
313	1
570	170
259	3
41	149
180	574
76	101
305	1
485	536
115	536
482	538
292	1
509	85
278	1
269	2
31	432
81	95
281	1
293	1
549	467
541	478
432	31
38	154
214	587
52	132
531	491
158	564
9	372
414	577
331	598
172	29
431	31
42	453
570	170
395	584
350	595
324	599
455	556
548	132
235	8
464	551
431	569
559	149
310	599
300	600
572	426
130	53
73	104
522	501
386	13
591	372
593	236
179	26
140	553
314	599
195	19
124	542
43	454
153	39
288	1
548	132
479	60
426	572
57	125
484	64
195	581
71	107
594	359
581	195
380	11
548	132
410	21
333	598
66	113
71	107
545	127
2	266
14	390
391	15
321	1
364	7
434	32
46	141
582	402
543	125
379	589
271	598
581	405
334	598
458	555
335	3
199	582
217	12
302	1
599	324
367	592
127	55
483	537
568	434
479	60
44	144
469	53
597	258
335	597
524	499
397	583
252	4
102	525
557	146
458	45
109	69
414	23
40	151
417	24
584	396
235	592
177	27
86	510
251	595
268	598
506	518
544	474
58	477
529	107
355	6
240	7
140	47
570	170
116	536
241	594
556	144
6	359
313	599
233	592
269	2
489	68
221	11
478	59
421	574
84	508
199	582
74	497
506	82
480	540
119	61
528	494
279	599
146	43
209	585
139	553
544	474
33	436
200	582
189	22
105	527
115	64
556	144
141	554
458	45
187	23
100	523
63	117
309	599
109	531
164	33
32	434
38	154
280	599
408	21
31	168
290	599
2	266
270	598
45	142
240	593
279	1
424	27
37	444
226	590
578	188
575	419
92	516
244	6
178	574
8	232
393	15
100	77
150	41
426	572
286	599
24	183
41	451
254	596
532	490
290	599
230	591
141	554
107	71
143	45
188	22
61	119
183	576
91	85
466	549
468	548
307	1
46	459
99	522
307	1
562	446
105	527
220	11
67	488
432	569
217	12
81	95
155	562
69	109
195	581
483	63
367	592
417	576
253	4
372	9
466	51
321	1
11	380
112	533
109	69
56	474
103	74
141	46
261	597
238	593
120	60
11	380
80	97
76	101
579	410
493	529
384	12
318	1
292	599
558	147
182	575
231	9
582	402
484	64
23	185
511	513
62	118
200	582
290	599
592	232
475	57
268	2
528	106
468	52
8	232
338	3
2	334
136	49
168	31
35	440
270	598
188	22
25	419
573	424
274	2
153	561
1	276
491	531
255	596
392	585
492	530
257	596
86	90
393	585
499	524
13	387
574	422
329	598
445	38
463	551
75	498
218	588
241	594
297	599
552	462
255	596
26	178
422	574
454	43
420	574
442	36
230	591
66	487
266	2
78	99
585	393
90	86
480	60
224	10
63	483
248	5
546	129
575	181
62	118
5	246
174	28
280	599
187	577
302	599
26	422
488	67
151	40
19	405
343	596
368	8
211	14
282	599
0	300
111	68
404	19
432	569
219	12
275	598
199	18
192	579
70	492
248	5
125	57
65	486
122	541
182	575
408	579
307	1
508	84
383	12
100	77
250	5
110	68
149	41
414	577
129	54
522	99
456	556
176	27
160	565
119	61
126	544
306	599
287	1
529	107
177	573
314	1
336	597
109	69
260	3
501	78
472	55
345	596
237	593
547	470
445	38
152	40
4	252
238	7
385	587
228	591
138	48
202	583
229	591
554	459
483	537
182	575
30	170
505	81
436	567
506	82
308	1
362	593
52	132
503	80
349	595
225	10
319	1
9	228
206	16
290	599
38	154
303	599
226	10
300	600
431	569
345	596
88	512
345	596
107	529
553	139
536	115
323	599
34	162
346	4
470	53
224	590
432	31
228	591
565	160
567	436
340	3
205	584
389	586
440	35
267	598
224	10
526	103
176	573
56	474
402	582
242	594
490	532
31	168
175	572
118	62
486	535
309	599
361	593
104	527
197	581
593	364
81	95
538	118
106	72
366	592
131	53
437	566
530	492
206	584
390	14
159	36
300	0
375	10
425	572
53	470
106	528
210	14
263	597
25	181
166	32
174	28
467	51
100	77
381	588
569	432
92	516
396	16
503	80
127	545
74	103
575	181
348	4
216	588
542	123
470	53
328	598
382	588
61	481
235	8
447	39
12	216
422	26
426	28
289	1
128	55
71	107
43	454
119	61
177	573
123	542
29	428
579	410
232	592
558	453
229	9
219	12
195	19
502	521
165	567
7	364
45	458
332	598
276	599
318	599
7	364
569	432
548	132
460	553
210	586
145	556
46	141
351	5
154	562
458	45
72	106
436	567
548	468
477	58
175	572
198	18
344	596
412	22
148	42
223	589
191	579
330	2
35	160
589	220
325	598
198	18
143	45
230	9
535	114
527	104
63	483
355	594
14	210
128	55
580	407
208	585
26	422
45	458
216	588
74	497
360	593
452	558
535	114
295	599
564	442
589	220
537	483
465	50
223	11
74	497
382	12
211	586
41	451
431	31
352	595
466	51
215	13
18	402
68	110
324	1
590	376
483	537
232	8
52	468
5	246
373	10
78	99
3	258
151	560
259	597
471	54
472	545
406	580
75	498
521	98
401	582
304	1
14	390
345	4
23	415
550	465
589	380
577	415
53	470
55	473
5	246
434	568
281	1
305	599
195	19
283	599
153	561
248	5
521	502
24	417
119	61
476	542
151	560
42	453
501	522
247	5
289	599
261	3
1	324
156	563
375	10
165	567
234	592
465	50
584	204
560	151
336	3
581	405
381	588
278	1
271	2
594	241
356	6
43	454
412	578
467	51
570	170
555	458
102	75
183	24
63	117
101	524
518	94
140	47
414	23
41	149
503	520
340	597
561	153
513	89
310	1
427	29
296	1
147	42
330	598
270	598
27	424
268	598
364	593
301	1
107	529
510	86
112	533
481	61
373	10
114	65
426	572
110	68
326	598
399	17
506	518
450	41
527	104
289	599
216	588
251	5
410	21
25	419
223	11
397	583
2	266
155	38
485	64
241	6
415	577
219	12
417	576
15	207
407	580
535	486
284	599
436	33
277	1
95	81
232	8
132	52
118	538
384	588
187	23
305	599
223	589
4	348
228	9
352	5
8	368
426	28
293	1
267	2
323	599
380	11
487	534
362	7
388	14
35	160
424	573
416	24
442	36
109	69
399	583
339	597
316	599
399	583
542	477
4	348
125	57
19	405
95	81
459	46
489	532
459	46
231	9
427	29
5	354
203	583
470	53
19	195
441	564
578	188
525	498
507	83
329	598
561	153
317	1
411	578
359	6
114	65
14	390
559	149
75	102
209	585
117	63
565	440
347	4
406	580
44	144
36	158
202	17
169	31
373	10
70	492
420	26
84	92
503	80
502	79
520	97
164	33
415	23
483	63
212	14
408	21
512	88
283	1
516	92
336	3
219	12
520	503
580	193
126	544
111	68
510	86
376	10
112	67
361	593
330	598
402	582
579	190
100	77
556	144
12	384
377	589
523	100
205	16
465	50
388	14
241	594
457	45
40	151
528	106
367	592
238	7
497	74
372	591
182	575
35	160
117	63
377	589
336	597
545	127
81	95
593	364
555	458
21	410
3	342
177	27
205	584
547	470
195	581
319	599
472	55
36	442
3	342
275	2
15	207
456	556
591	228
161	35
599	324
556	456
509	515
390	586
79	98
549	133
590	376
318	599
351	5
587	213
251	5
36	442
452	42
254	4
48	138
346	4
82	506
580	407
11	380
531	491
592	368
480	540
189	22
256	596
599	276
140	553
55	473
224	10
83	93
72	494
22	412
141	46
464	551
87	511
544	474
445	562
197	19
281	1
124	58
47	461
404	19
307	1
333	2
513	511
583	399
392	15
335	597
176	573
348	596
51	467
504	81
24	417
290	599
114	535
160	35
527	104
329	2
556	456
409	579
494	72
574	422
267	598
407	580
311	599
284	599
347	4
448	40
111	532
131	547
280	599
180	574
237	593
372	591
83	93
189	22
409	21
554	459
486	65
536	485
85	91
122	541
387	13
322	599
591	228
115	64
408	21
28	174
509	85
207	585
525	102
79	502
158	36
319	1
139	553
352	5
407	580
323	1
214	587
44	456
491	531
519	95
580	193
420	574
538	118
238	593
268	2
546	471
163	34
555	458
127	55
210	586
249	5
434	32
538	482
258	597
488	533
403	19
545	473
81	95
448	560
431	31
133	549
195	581
401	582
128	545
311	599
50	465
541	122
565	160
474	544
166	568
266	2
571	428
508	84
30	430
420	574
500	77
573	424
316	599
222	11
300	600
165	567
189	578
202	17
6	241
538	118
166	32
284	599
507	83
103	526
287	1
34	162
330	2
326	598
355	594
398	17
368	8
119	61
542	477
290	1
386	587
390	586
205	16
346	4
358	6
264	597
465	550
381	588
445	562
541	478
60	480
180	574
419	25
455	44
273	2
25	181
405	581
338	597
24	183
217	588
145	556
593	236
95	519
514	510
81	95
423	27
489	68
37	444
432	31
131	547
75	102
588	384
290	1
321	599
337	3
372	591
376	10
360	593
237	593
532	490
481	539
118	62
104	73
548	468
322	1
277	599
215	587
447	561
55	473
73	104
46	141
160	35
175	572
440	35
112	533
168	569
211	14
0	300
324	1
174	572
302	599
211	586
329	2
493	71
558	453
317	1
139	47
257	596
25	181
516	92
426	28
529	493
593	364
87	511
418	575
374	590
224	10
568	434
237	593
418	25
380	589
73	104
370	9
154	38
19	195
298	1
241	594
412	22
351	5
393	15
140	47
233	8
236	7
559	451
368	592
203	17
548	468
154	38
137	49
456	556
33	436
477	542
32	434
572	426
51	133
232	592
168	31
498	525
133	549
350	5
44	456
84	508
68	490
386	587
315	1
294	1
103	74
216	588
132	548
102	75
511	513
546	129
250	5
438	34
560	449
552	462
472	55
296	1
174	28
358	6
460	47
24	183
369	9
529	107
280	599
478	59
289	1
490	68
68	110
81	95
361	7
345	596
221	589
580	193
7	236
386	587
225	590
348	596
370	591
123	542
488	533
407	20
43	454
387	13
332	598
190	21
332	598
61	119
321	599
475	57
539	119
418	25
557	454
27	424
335	3
450	41
432	569
397	17
89	87
339	3
245	594
345	4
124	542
487	66
503	520
578	188
414	23
10	376
204	16
212	14
388	14
266	2
341	3
29	428
105	527
309	599
539	119
407	20
351	595
413	577
107	529
428	571
331	2
583	201
171	570
216	588
509	515
447	39
474	544
3	258
229	9
173	29
531	491
580	193
279	1
154	562
218	12
214	587
47	139
491	69
45	142
198	582
381	12
468	548
91	515
218	12
202	583
518	506
200	582
451	41
297	1
138	48
487	534
555	458
278	1
243	6
478	59
360	7
114	65
279	1
205	16
398	583
500	77
470	547
246	5
400	18
504	519
345	4
22	188
208	585
116	64
76	499
226	590
74	497
374	10
3	258
547	130
557	454
367	8
384	12
506	82
329	598
578	188
507	517
19	405
496	73
380	11
368	592
502	79
449	40
477	542
276	599
193	20
24	417
78	99
592	368
110	68
583	399
209	585
300	0
363	593
360	7
212	586
276	1
77	100
168	31
549	467
166	568
451	41
445	562
374	590
570	430
289	1
336	597
426	28
192	579
97	520
36	442
30	430
549	467
267	2
260	597
536	485
278	1
238	593
384	12
307	1
218	12
468	52
496	527
337	597
459	554
497	74
255	4
95	519
565	160
44	144
545	473
52	468
230	9
541	478
532	490
305	1
260	3
333	2
258	3
233	8
489	532
304	1
61	119
570	170
58	477
389	586
170	30
259	597
83	93
564	442
38	154
259	3
388	586
310	599
307	1
352	5
534	487
233	592
371	9
253	596
102	525
281	1
419	575
233	8
585	393
439	565
250	5
535	114
254	4
174	28
463	49
72	494
255	4
24	183
581	405
546	471
535	114
108	70
353	595
236	7
164	567
499	76
50	135
87	89
542	477
374	10
352	5
574	178
62	482
361	7
70	108
406	580
408	21
587	387
472	545
238	593
528	106
59	122
229	9
112	533
328	598
188	22
141	46
93	517
352	5
577	185
515	91
381	12
556	144
241	594
123	542
524	101
242	6
588	216
349	5
501	522
544	474
395	16
0	300
227	590
497	74
27	176
183	24
450	559
457	555
330	2
183	24
50	465
380	11
456	44
470	53
484	536
106	72
367	8
421	26
386	13
110	532
547	130
543	125
554	141
298	599
107	529
303	1
60	120
171	570
101	76
157	37
511	87
259	3
437	34
9	372
407	20
233	8
294	599
510	514
482	538
586	390
158	36
216	588
21	410
228	9
6	359
118	538
243	6
237	7
536	485
384	12
598	334
391	585
599	324
257	4
459	46
583	201
593	364
589	220
226	590
393	585
32	166
532	490
220	589
133	549
308	1
165	567
155	38
325	598
322	1
147	558
260	3
556	456
440	35
387	587
143	45
343	596
93	517
563	444
581	405
543	475
189	578
204	16
361	593
333	598
467	51
545	473
0	300
317	1
205	584
93	83
248	5
347	4
219	588
560	449
188	22
456	556
568	434
403	581
197	581
141	46
79	502
454	43
466	51
485	536
6	241
320	599
145	556
39	447
158	36
143	555
211	14
530	492
504	81
283	599
395	584
239	593
521	98
567	436
319	1
570	170
22	412
96	81
581	195
193	20
264	3
75	498
207	15
67	488
281	599
338	597
47	139
201	17
85	91
304	599
539	119
191	21
418	575
240	7
593	364
59	122
351	595
169	31
539	119
5	246
232	592
532	110
460	553
45	458
415	23
460	553
33	164
120	540
4	348
500	523
281	1
3	342
598	266
580	407
141	46
133	51
80	97
444	563
16	204
505	519
36	158
135	50
255	596
545	473
330	2
145	44
105	527
516	92
426	28
49	464
271	2
360	593
245	6
7	364
429	570
384	12
375	590
390	14
23	415
22	412
424	27
11	220
468	548
561	153
53	130
195	581
222	589
248	5
51	133
368	8
496	73
53	130
93	517
565	160
142	555
339	3
536	485
493	71
39	447
352	595
101	76
391	15
158	564
219	588
415	23
180	574
316	599
518	506
376	590
583	399
47	139
276	1
312	599
67	488
318	599
372	591
70	108
240	593
162	566
516	508
188	578
39	153
487	66
542	477
318	599
120	60
336	597
365	8
203	17
387	13
229	591
256	596
530	492
555	458
568	166
38	154
358	6
508	516
227	590
352	5
362	7
406	580
467	51
562	154
557	146
502	79
560	449
338	3
39	447
68	490
82	94
79	502
578	188
495	73
13	213
162	34
593	364
482	62
13	387
208	15
395	584
234	592
434	32
293	1
0	300
526	103
517	507
289	1
506	518
157	563
312	599
423	573
142	555
411	22
274	2
497	74
272	2
443	563
32	434
349	595
74	103
77	500
45	458
442	36
541	122
121	540
522	501
371	591
581	405
482	62
230	591
98	79
32	434
260	3
470	547
550	465
559	451
190	21
213	13
381	588
236	593
312	599
541	478
482	538
482	62
254	596
84	92
231	9
376	590
434	32
312	599
179	574
541	478
157	563
2	334
158	36
197	19
414	23
70	492
360	7
418	575
176	573
73	496
285	1
435	567
400	582
473	545
42	453
256	596
437	566
264	597
409	21
42	453
78	99
129	54
329	2
184	576
63	483
409	579
142	555
325	598
539	119
399	17
102	75
106	72
434	32
67	112
577	415
274	598
277	599
210	586
8	368
152	560
421	26
176	27
559	149
570	430
375	10
500	77
83	507
329	598
210	14
487	66
564	158
550	465
446	562
588	384
555	458
494	528
22	188
417	576
197	581
31	168
175	28
357	6
517	507
32	434
286	1
527	496
573	176
148	42
166	568
437	34
78	99
151	560
167	32
450	41
50	135
303	1
111	532
181	575
112	67
235	8
181	25
200	18
352	595
375	10
440	35
79	98
411	22
62	482
467	51
21	190
172	29
14	390
28	174
338	3
376	590
351	595
72	494
38	446
457	45
227	10
17	201
206	16
79	502
183	576
455	556
70	492
173	29
432	569
554	459
238	7
42	453
255	4
126	544
213	587
76	101
397	17
452	558
336	3
62	482
127	545
55	127
219	588
499	76
290	1
332	2
590	376
200	582
143	45
568	166
577	185
373	10
376	10
6	359
15	393
52	132
289	599
46	141
231	9
112	533
263	3
494	528
509	85
359	594
540	480
581	195
477	542
584	204
352	595
154	562
144	556
45	458
393	15
377	11
317	599
194	20
307	599
349	5
305	599
531	109
232	8
263	3
590	376
545	473
10	224
61	481
279	1
557	146
179	26
435	567
410	579
379	589
363	7
269	598
300	600
304	599
9	228
186	577
512	512
420	26
176	573
274	2
392	15
249	5
196	581
248	5
33	436
449	40
202	17
529	493
307	1
307	1
83	93
531	109
335	3
549	133
504	519
238	593
191	21
75	102
351	595
254	4
144	44
375	590
412	22
462	552
474	544
590	224
208	585
413	23
278	599
505	81
374	590
21	410
471	54
72	106
160	565
254	4
1	276
168	31
62	482
55	127
173	571
206	584
30	430
149	559
2	266
130	53
212	586
162	566
333	2
77	100
500	77
423	573
377	589
530	492
90	86
169	569
583	399
56	474
488	533
47	139
279	599
509	515
40	449
233	8
549	133
260	597
21	410
314	1
244	6
192	579
406	580
335	3
597	342
38	154
299	1
542	477
433	568
446	562
45	142
279	1
58	123
98	521
106	528
462	552
150	559
229	9
598	334
534	487
187	23
13	387
386	13
374	590
212	586
258	3
56	474
448	560
50	465
28	174
28	174
245	594
354	5
207	585
532	490
121	540
381	12
466	51
201	17
181	25
11	220
475	543
219	12
423	573
215	587
380	589
481	61
75	102
30	430
441	36
6	241
293	1
255	596
479	60
28	426
300	600
483	63
478	541
124	542
153	39
310	599
560	151
284	599
109	531
404	581
47	139
55	127
230	591
132	52
322	599
392	585
193	20
0	300
168	569
263	597
145	556
266	2
426	572
273	598
190	21
176	27
509	515
172	571
23	415
105	73
141	46
39	447
160	35
46	459
427	29
550	135
539	119
417	576
368	592
564	442
251	5
280	1
479	60
39	447
532	490
66	487
454	557
384	12
492	70
128	545
381	588
31	432
493	529
141	554
164	567
442	564
560	449
142	45
401	582
110	532
114	65
539	481
464	551
468	52
154	562
243	594
224	10
549	133
184	24
43	146
516	92
294	1
416	576
280	599
167	568
517	507
445	38
495	527
366	592
481	539
13	213
187	23
66	487
141	46
427	571
111	532
379	11
292	599
87	511
215	587
37	444
270	2
152	560
459	554
286	599
18	198
594	241
108	70
389	586
449	560
16	204
429	30
300	600
89	513
514	90
578	188
303	1
383	588
503	520
52	468
443	563
419	575
221	11
346	596
471	54
15	207
75	102
440	565
445	562
512	512
541	478
444	37
513	89
491	531
103	74
115	536
0	300
57	125
56	126
384	588
114	535
35	160
433	568
165	33
457	555
5	246
315	1
240	7
335	597
246	5
276	1
487	66
459	554
318	1
410	579
171	30
252	596
191	579
13	213
568	434
388	586
189	578
561	447
355	594
189	578
109	531
433	32
154	562
71	493
569	432
253	596
511	513
368	592
9	228
388	14
165	567
401	18
202	583
386	13
505	81
64	485
203	17
363	593
89	87
536	115
59	122
293	599
320	599
57	475
84	92
210	14
344	4
342	3
26	422
251	5
453	558
2	334
332	2
261	597
344	596
338	3
282	599
367	592
9	372
189	578
372	591
538	482
76	499
126	56
177	27
511	513
541	478
16	204
5	246
276	599
251	595
320	599
553	139
383	588
432	569
151	40
574	178
120	540
334	2
493	529
33	164
99	522
419	25
78	501
217	588
299	599
398	583
472	55
452	558
592	368
47	461
531	491
509	515
345	596
10	376
159	36
344	596
458	555
596	252
201	583
404	19
223	11
404	19
469	53
439	35
447	39
3	342
85	509
397	583
105	527
276	599
48	138
57	475
513	89
324	599
115	536
378	11
92	84
418	575
387	13
367	8
591	228
447	561
560	449
35	160
499	524
199	18
532	490
393	15
516	508
222	11
161	565
208	585
364	593
420	26
454	557
39	153
460	553
449	40
242	594
106	528
564	158
16	396
207	585
11	220
502	79
311	599
472	55
385	587
174	572
245	594
226	10
4	252
172	571
131	547
542	123
14	390
463	49
291	599
525	102
403	19
139	553
12	216
162	566
201	583
412	578
419	25
363	593
480	60
152	560
546	471
32	166
435	33
361	593
436	33
314	599
269	2
32	434
334	2
573	424
244	594
234	592
40	151
62	482
401	582
407	20
194	20
12	216
486	535
549	467
279	599
146	43
365	8
113	66
388	14
507	83
207	585
13	387
449	40
397	17
314	1
170	570
182	25
518	94
481	539
544	126
471	54
401	582
128	55
401	18
504	81
282	599
333	2
353	5
442	36
533	488
0	300
240	7
283	1
522	99
595	354
597	258
73	496
468	548
33	436
276	1
376	590
212	14
250	595
289	599
158	36
26	178
366	592
499	76
174	28
220	589
405	581
193	580
49	136
413	23
533	488
455	556
366	592
423	27
491	69
186	23
474	544
488	533
240	7
183	24
96	519
104	73
101	524
32	166
507	83
313	599
63	483
350	595
206	16
534	487
443	37
127	545
410	21
524	101
194	20
65	486
376	10
35	160
278	1
460	553
394	584
420	574
491	69
492	530
518	94
276	599
334	598
277	599
98	79
200	582
521	98
196	19
272	2
287	1
36	158
252	596
187	577
579	190
381	588
342	597
16	204
527	496
457	45
191	579
278	599
449	560
96	519
317	1
238	7
305	1
212	586
58	123
290	1
232	592
393	15
207	585
553	461
34	438
326	2
74	103
25	181
564	442
379	11
64	485
140	47
277	1
481	539
378	589
419	25
392	15
412	578
452	42
437	34
504	81
459	46
305	599
529	493
299	1
102	525
208	15
582	402
64	115
479	540
153	561
58	123
176	27
449	40
512	88
320	599
519	95
364	7
409	579
248	5
451	41
166	568
385	13
458	555
556	456
402	18
459	554
186	577
162	34
125	57
248	5
101	76
250	5
139	47
285	1
506	518
217	12
6	359
153	39
490	532
134	549
119	61
491	69
288	1
284	1
330	598
463	551
122	59
461	47
526	497
242	594
133	549
287	599
10	224
441	564
347	596
443	37
57	125
390	14
88	512
64	485
118	538
402	18
425	28
524	101
24	417
187	577
75	102
475	57
479	540
87	89
457	45
541	478
380	11
15	207
102	525
52	132
76	101
309	1
462	48
587	387
126	56
517	507
521	502
423	573
568	434
207	585
416	24
105	527
53	470
51	133
566	438
202	17
57	475
283	1
327	2
190	579
290	599
220	11
587	387
353	5
129	54
148	558
340	597
396	584
359	594
365	8
155	562
200	582
272	598
432	569
22	412
433	568
146	557
275	2
5	246
132	52
46	459
235	8
256	4
248	595
470	547
554	459
154	562
432	31
29	172
321	1
592	232
192	21
42	147
566	438
298	1
595	246
292	1
103	526
1	276
323	1
158	36
325	598
471	546
104	527
476	542
26	178
417	24
255	4
460	553
290	599
344	596
420	574
350	595
453	42
443	37
263	3
556	456
43	146
69	109
99	522
498	75
30	170
213	13
322	1
350	5
27	176
313	1
170	570
112	533
313	599
225	590
474	56
555	142
487	66
26	422
437	34
466	51
370	9
320	1
61	481
291	599
212	586
417	576
488	67
223	11
118	62
65	486
223	589
71	107
126	56
512	88
577	185
96	81
89	513
325	2
556	456
7	236
466	549
422	26
596	348
558	453
384	12
541	122
233	592
85	91
28	174
404	19
565	160
248	595
471	54
121	540
355	594
159	36
472	545
370	9
17	399
57	475
532	490
490	532
118	538
151	560
404	581
314	1
532	110
447	561
498	75
584	396
46	459
254	596
19	195
219	12
379	589
28	174
205	16
411	22
49	464
180	574
306	599
405	19
274	598
32	166
171	30
37	444
41	149
368	8
94	518
538	118
61	119
220	11
584	396
70	108
125	543
589	380
563	444
515	509
499	76
40	151
377	589
462	552
1	324
538	482
326	2
326	2
461	47
348	4
225	590
381	588
320	599
488	67
555	458
374	590
338	597
457	555
406	20
357	6
136	551
231	591
86	90
474	544
54	471
496	73
139	47
93	83
517	93
416	576
237	7
339	3
53	130
361	7
350	595
311	1
283	599
67	488
555	458
169	569
284	1
541	478
11	380
234	8
96	519
521	98
101	524
293	1
119	61
339	597
238	7
296	1
503	520
514	90
224	10
384	12
179	574
325	2
92	84
56	474
53	470
551	136
33	164
346	596
276	599
364	593
369	591
331	598
566	438
17	201
466	51
291	599
167	32
206	584
154	38
378	589
400	582
367	8
298	599
28	174
112	533
534	113
300	600
245	594
597	342
11	380
13	387
189	22
348	596
572	174
395	584
581	195
164	33
324	599
54	471
136	49
495	73
311	1
475	543
506	518
521	502
84	508
468	52
196	19
86	90
217	588
408	21
325	598
39	153
546	129
257	4
242	6
462	48
307	599
353	595
246	5
412	578
248	5
299	1
290	1
145	556
195	581
80	97
382	12
484	536
190	21
406	580
21	190
471	54
372	591
594	359
349	5
236	593
124	542
279	599
36	158
186	577
166	32
564	158
43	146
63	483
459	46
402	582
375	10
295	1
456	556
435	33
194	580
507	517
83	507
212	586
198	18
235	8
36	442
11	380
346	596
284	1
21	410
553	461
2	334
170	30
546	471
568	434
106	528
231	591
193	580
141	554
139	47
185	577
395	584
111	68
517	507
552	462
217	12
285	1
27	176
12	216
527	496
12	216
561	153
275	2
443	37
543	125
369	591
80	503
222	11
540	120
73	104
493	529
409	21
533	488
21	410
121	540
177	27
44	456
43	146
250	595
396	16
541	122
410	579
396	584
161	565
239	593
121	60
32	166
51	467
19	195
70	108
134	549
598	334
107	71
68	490
194	580
88	512
507	517
18	402
26	422
465	550
171	30
91	85
157	37
427	29
395	584
112	533
517	93
562	446
205	16
311	599
406	580
252	4
391	15
487	534
276	599
545	127
429	30
17	399
560	449
195	581
106	72
48	138
19	405
575	181
304	1
177	573
129	54
34	162
418	25
84	508
535	114
397	583
553	461
160	35
333	2
449	40
452	42
578	412
397	17
371	591
558	453
406	20
145	556
232	8
595	354
524	499
320	599
137	49
178	26
36	158
401	582
296	1
52	132
65	114
101	76
105	73
419	25
546	471
1	324
586	210
108	530
548	468
457	45
354	5
413	23
320	599
230	9
301	1
430	30
19	195
465	550
53	470
372	9
272	598
317	1
538	118
185	23
111	532
416	576
531	491
557	146
258	597
441	36
322	599
272	598
266	598
115	64
380	589
76	101
485	536
161	565
38	154
471	54
291	1
535	114
25	419
414	577
364	593
359	6
597	258
443	563
75	102
401	18
329	2
96	519
325	598
512	512
17	201
25	419
394	584
532	490
174	572
573	424
323	599
194	20
570	430
173	29
538	118
309	599
448	40
451	41
196	19
440	565
328	2
228	9
241	6
545	473
256	596
190	21
170	30
368	8
115	536
274	598
90	514
117	63
350	595
434	568
438	566
564	442
21	410
324	1
212	586
52	468
34	438
44	144
231	9
331	598
422	574
493	529
232	592
59	478
430	30
321	1
110	532
496	73
14	390
188	22
191	21
87	511
537	117
204	16
492	530
112	67
310	599
27	176
273	2
325	2
284	599
19	195
281	1
152	560
87	89
144	556
438	566
168	569
487	66
289	599
78	501
268	2
544	126
455	556
134	51
350	5
548	468
484	536
579	190
88	512
210	14
429	570
220	11
386	587
274	598
512	512
113	66
106	528
110	68
582	402
342	3
121	540
355	6
274	2
288	1
580	407
125	57
415	577
502	521
496	73
454	557
125	543
329	2
317	1
366	592
324	1
347	4
556	144
36	442
342	3
507	517
304	1
427	571
441	36
48	138
272	2
53	130
115	536
121	540
179	26
116	64
116	64
507	517
90	514
539	119
406	580
474	544
217	588
128	545
304	599
197	19
509	85
5	246
334	598
238	593
6	359
498	525
42	147
456	556
6	241
332	2
486	535
423	573
497	526
545	127
183	24
35	160
3	342
337	3
419	25
580	407
396	16
110	532
235	8
38	446
558	147
380	589
505	519
271	2
581	405
137	49
51	133
292	1
462	48
133	51
437	34
183	24
200	18
243	594
370	9
379	11
341	3
6	359
548	468
557	454
201	583
20	193
503	80
45	142
457	555
502	521
33	436
386	587
142	555
437	34
172	571
225	590
263	597
22	412
594	241
423	573
369	9
263	3
128	545
593	364
250	595
175	28
339	597
571	428
433	568
329	598
333	598
253	4
48	462
97	80
376	590
167	568
386	587
277	599
9	228
230	591
452	558
12	216
102	525
12	384
263	3
290	599
200	582
19	405
596	252
346	4
161	565
98	521
166	568
482	62
87	89
142	45
371	9
466	549
415	23
145	556
531	109
212	586
538	482
367	8
143	45
101	524
106	528
587	387
146	557
410	21
525	498
566	162
43	454
380	589
265	3
128	55
81	95
356	6
94	82
572	426
245	594
366	592
143	45
552	462
283	599
194	20
544	474
106	528
144	556
582	198
89	513
267	2
205	16
421	26
553	461
512	88
434	32
34	438
211	586
11	380
595	354
189	22
188	578
366	8
126	544
516	92
34	438
288	599
555	458
187	23
574	178
149	41
298	599
52	468
266	2
225	10
416	24
279	599
364	7
93	83
505	519
267	598
496	73
145	44
183	576
282	1
41	451
551	136
577	185
400	18
193	580
278	599
156	37
276	599
420	26
36	442
413	577
214	13
161	565
370	591
373	10
319	599
392	585
388	586
179	574
155	38
116	64
526	103
493	71
433	32
305	599
167	32
151	560
105	73
239	7
585	207
209	15
52	468
477	58
590	224
364	593
480	540
510	514
236	593
493	71
321	1
303	1
314	599
553	461
80	97
446	38
328	598
143	555
64	485
596	348
546	129
216	588
443	563
355	6
501	522
506	518
56	126
137	551
48	138
56	474
576	183
515	509
108	70
35	160
412	578
242	594
268	598
4	348
416	576
200	582
245	6
286	1
451	559
227	590
207	15
536	115
84	508
537	483
465	50
249	5
158	564
306	599
336	3
50	135
452	558
409	579
296	599
295	599
357	594
163	34
249	5
293	1
193	20
101	524
571	172
181	25
569	168
369	9
161	35
335	3
386	13
225	590
410	579
424	27
34	162
250	595
395	16
92	84
369	591
2	334
117	537
275	598
377	589
387	13
133	549
344	4
462	48
213	13
550	135
196	581
367	592
102	75
432	31
175	572
482	538
165	567
308	599
127	55
331	598
419	575
590	224
79	98
109	69
424	27
25	419
353	595
198	18
155	562
254	596
571	428
575	181
362	593
588	384
38	446
106	72
349	595
1	324
393	15
210	14
575	181
383	588
402	582
421	574
53	130
47	139
357	594
413	23
164	567
121	540
490	532
290	1
294	1
49	464
283	1
137	551
525	102
516	92
555	458
224	10
134	51
272	2
151	40
334	598
432	31
159	36
528	494
287	599
114	535
116	64
223	11
534	113
95	519
363	593
87	511
401	18
77	100
357	594
487	534
184	576
289	1
153	561
125	543
406	20
148	42
52	468
299	599
198	18
385	13
569	432
20	407
278	599
140	553
57	475
263	597
255	596
579	410
12	384
75	498
258	597
168	569
70	492
481	539
428	29
502	79
418	575
93	83
282	1
311	1
33	164
493	529
485	536
476	542
52	132
95	519
327	2
156	563
421	574
295	1
556	144
570	430
346	4
390	586
386	13
427	571
330	598
19	405
192	21
397	583
101	76
158	564
474	56
321	599
527	104
591	372
307	1
2	334
333	598
323	599
104	527
67	488
326	598
519	505
355	6
340	3
122	541
2	334
198	582
374	590
110	532
263	3
179	574
561	447
534	487
112	533
298	1
484	536
545	127
251	595
371	591
381	12
409	21
49	136
79	98
428	571
383	12
337	597
474	544
284	1
234	8
161	565
100	523
162	34
81	505
421	26
75	498
412	22
356	594
157	563
345	4
66	113
574	422
451	559
428	29
31	432
341	3
306	599
376	10
104	527
424	27
80	97
223	589
27	176
135	550
300	0
449	40
66	113
463	49
384	588
579	190
5	246
3	342
39	153
484	64
3	258
323	599
127	545
51	467
129	546
208	585
304	1
178	26
592	232
165	567
11	220
541	122
259	597
15	207
52	468
291	1
182	575
86	90
568	166
283	1
536	485
233	592
207	585
184	576
137	49
357	6
186	23
301	1
308	1
351	595
373	590
457	555
485	64
260	3
222	11
324	1
60	480
519	505
420	574
32	434
72	106
475	543
336	3
304	599
581	405
525	102
318	1
331	2
470	53
515	91
61	119
49	136
186	577
78	501
522	501
524	101
74	103
331	598
137	551
121	540
81	95
45	142
268	598
180	26
58	477
93	83
329	598
583	201
78	501
402	582
247	5
99	78
379	11
409	579
241	594
468	548
541	122
541	478
377	11
72	106
344	4
519	95
333	598
464	49
467	51
15	393
102	75
334	2
222	11
592	368
499	76
549	133
268	2
415	577
266	2
132	548
545	127
380	11
303	1
402	18
93	83
288	1
483	63
403	19
487	534
549	467
181	575
377	11
155	38
249	595
419	575
523	100
332	2
410	21
386	587
441	36
113	66
66	113
529	493
573	176
243	6
124	58
234	592
115	536
581	405
557	146
137	551
577	415
35	160
435	567
162	34
79	98
211	586
89	513
22	188
48	138
502	521
408	579
198	582
367	8
151	560
407	580
134	51
506	518
18	198
196	19
371	9
370	591
278	1
544	474
397	583
512	88
403	19
439	565
453	42
169	31
100	77
397	583
247	5
147	42
222	11
369	9
41	149
133	51
295	599
229	591
34	162
122	59
167	32
571	172
171	570
582	198
441	564
377	11
545	473
535	486
530	492
294	599
72	494
228	591
337	597
442	564
457	45
89	513
45	142
73	104
68	490
545	473
410	579
592	232
22	188
218	12
179	574
446	38
340	597
292	1
233	8
228	9
286	1
17	399
66	113
157	563
484	536
278	1
498	75
318	599
76	101
568	434
77	100
430	30
297	1
552	462
482	62
15	207
269	2
535	114
81	95
563	156
376	590
586	210
61	481
15	207
549	467
590	376
27	176
18	198
580	193
348	596
137	49
94	82
122	541
366	592
127	545
550	465
98	79
272	2
48	138
30	170
311	1
463	551
313	1
182	575
87	89
573	424
105	527
447	561
33	436
162	566
15	207
579	190
279	1
92	516
599	276
64	115
252	4
271	598
421	574
301	599
399	17
21	410
391	15
100	77
326	2
424	573
230	591
142	555
99	78
330	2
373	590
129	546
474	544
307	1
440	35
269	598
328	2
218	12
70	492
258	3
205	584
114	535
399	583
115	536
98	521
463	551
495	527
37	444
532	110
534	113
544	474
528	106
494	72
304	599
59	122
92	84
386	587
334	598
335	597
573	424
153	39
78	99
584	396
320	1
573	176
340	597
209	585
99	522
294	599
577	185
466	549
400	18
217	12
432	569
178	26
401	18
218	588
563	156
293	599
269	598
555	142
434	568
486	65
401	18
298	1
227	10
70	492
440	565
159	564
554	459
379	11
555	142
506	82
19	405
233	592
81	505
9	372
266	598
92	84
296	1
479	540
10	376
299	599
33	164
358	6
122	59
478	541
223	11
166	32
256	4
569	168
16	396
426	28
538	482
46	141
130	547
82	94
248	5
142	45
31	168
371	591
419	575
120	60
241	594
88	512
321	599
32	434
534	113
332	598
198	582
161	565
420	574
61	119
499	76
187	577
349	5
418	25
106	72
21	190
500	77
294	1
439	565
11	380
30	170
458	555
112	67
89	87
554	459
470	53
38	154
453	42
433	32
120	540
353	5
312	1
269	598
426	28
8	232
373	10
541	478
432	31
142	555
576	183
263	597
367	592
445	562
360	7
173	29
447	561
7	236
142	45
240	593
225	590
295	599
195	581
223	589
2	334
27	424
325	2
497	526
166	568
285	599
434	32
366	8
28	426
13	213
466	51
209	15
216	12
576	183
281	1
240	7
524	101
276	1
498	525
458	555
357	594
568	166
388	586
207	585
28	174
424	573
25	181
179	26
218	588
255	4
490	532
348	596
250	5
123	58
491	69
71	493
234	592
517	93
157	37
494	528
481	539
69	109
510	514
532	490
82	506
353	595
554	459
238	7
408	579
398	17
53	130
35	440
167	32
149	559
6	359
365	592
57	475
503	520
494	72
174	572
134	549
281	1
358	6
547	470
98	79
393	15
564	442
212	14
202	17
230	591
574	422
225	590
510	514
427	29
324	599
278	1
504	81
91	85
146	43
559	451
532	110
238	7
563	444
460	47
510	86
147	42
214	13
134	549
438	34
523	500
581	405
15	207
70	492
452	42
545	127
270	598
570	430
563	156
246	595
200	18
78	99
280	1
461	47
567	164
548	468
525	498
516	92
551	464
115	64
359	6
79	98
59	478
72	106
531	109
291	1
572	174
352	5
114	65
333	2
490	532
91	85
101	524
190	579
432	31
563	156
64	115
193	20
27	176
194	580
10	376
171	30
371	9
23	415
587	387
82	506
361	593
433	568
549	467
47	461
23	185
89	87
148	42
251	5
410	579
180	26
293	1
492	70
339	597
343	596
394	584
17	201
33	436
80	97
147	42
234	592
400	582
139	47
549	467
360	593
92	516
266	598
271	598
10	376
270	2
283	599
256	596
422	26
158	564
150	559
538	482
363	593
590	224
76	101
298	1
525	102
85	91
481	61
332	2
184	24
425	572
105	73
59	478
300	600
571	172
30	430
254	596
423	573
406	20
296	599
300	600
461	553
240	7
547	130
513	511
451	41
272	2
196	581
254	4
215	587
429	30
412	22
572	426
162	34
301	599
115	64
24	183
253	596
106	72
93	83
97	80
383	588
366	592
144	44
133	549
172	29
288	1
187	23
167	568
287	1
188	22
329	2
203	17
57	125
151	560
147	42
392	15
78	501
472	545
553	461
4	252
511	87
472	545
9	372
267	2
194	580
98	521
382	588
520	97
107	529
75	102
410	21
306	1
535	486
218	12
19	195
48	138
59	478
1	324
417	576
301	1
488	67
18	198
230	9
508	516
274	2
346	596
252	4
540	120
132	548
88	512
170	30
388	586
365	592
38	446
279	1
88	512
501	78
71	107
493	71
210	586
264	3
183	576
439	565
577	185
329	2
358	594
114	535
261	597
168	31
452	42
535	486
40	151
252	4
22	188
103	74
574	178
369	591
503	520
381	588
93	517
259	3
159	564
479	540
221	11
89	513
463	551
229	591
249	595
346	4
411	22
64	485
220	11
218	588
62	482
211	14
180	574
422	26
96	519
93	517
410	579
435	33
139	553
429	30
24	183
370	9
97	80
28	426
153	39
175	572
120	60
542	477
563	444
597	258
477	58
328	2
423	573
19	195
476	542
227	590
119	61
425	28
445	562
447	561
519	505
187	23
88	88
441	564
541	478
548	468
514	90
453	42
417	24
68	490
85	509
155	562
477	542
307	1
84	92
149	41
85	91
578	188
563	156
151	40
230	9
200	18
275	598
542	123
467	549
379	589
107	71
553	139
195	581
474	56
128	545
419	25
452	558
250	595
341	3
62	482
171	570
37	156
355	594
240	593
185	23
147	558
394	16
257	4
463	551
117	63
229	9
323	599
442	564
460	47
298	1
280	599
95	519
150	41
63	483
95	519
527	496
289	599
110	68
111	68
372	591
102	525
377	11
178	574
410	21
582	402
181	25
267	598
342	597
400	582
67	488
232	592
146	557
201	583
194	20
176	27
550	135
481	61
278	1
420	574
96	519
532	110
508	84
250	595
101	524
462	48
450	559
253	4
13	387
494	528
355	594
310	599
10	376
27	424
505	519
566	438
392	585
465	50
201	17
464	49
446	562
557	454
234	592
83	507
356	6
484	536
221	11
230	591
131	53
560	449
398	17
362	593
47	461
410	21
561	153
131	547
503	520
56	126
165	33
527	104
75	498
248	5
420	574
100	77
309	599
379	11
288	599
598	334
344	596
451	41
463	49
542	123
492	530
268	2
352	595
379	589
159	564
78	99
476	542
477	542
468	52
184	576
365	8
140	47
560	449
22	412
249	5
437	566
319	599
52	468
239	593
421	574
371	9
369	9
64	115
75	102
61	119
20	193
503	80
393	15
401	582
386	587
377	11
500	523
94	82
269	2
413	577
311	1
355	6
190	579
501	78
299	599
83	507
147	558
211	14
170	30
217	588
561	153
124	58
142	555
276	599
459	554
304	1
223	589
404	581
296	1
591	372
434	32
2	334
216	12
477	542
441	564
348	596
311	599
318	1
593	364
382	588
337	597
66	487
47	139
249	595
27	176
50	135
194	20
479	540
224	10
16	396
252	596
188	578
65	486
378	11
440	565
30	170
43	146
56	126
485	536
102	525
77	500
41	149
561	447
437	34
326	598
209	15
358	594
391	585
107	529
374	590
231	9
578	412
198	582
85	509
531	491
279	1
527	496
137	551
297	1
216	588
71	107
300	0
138	48
144	44
240	593
484	536
354	595
590	224
254	4
175	28
423	27
385	587
192	21
46	141
64	115
260	597
406	20
541	122
270	2
483	63
420	26
449	560
53	470
580	407
318	599
592	368
444	563
55	127
10	376
348	4
24	183
294	1
240	7
88	88
325	598
365	592
124	58
361	593
356	594
114	535
506	82
117	63
533	112
525	102
217	588
79	98
575	419
161	565
81	505
544	126
146	557
385	587
380	11
71	493
300	600
11	220
583	399
258	597
64	115
104	527
418	575
146	43
87	511
553	139
539	481
411	578
187	577
523	500
231	9
192	579
207	15
363	7
129	546
203	17
112	67
483	537
376	10
242	6
366	592
227	10
405	581
227	10
115	536
7	236
354	595
224	590
562	154
519	95
523	100
99	522
353	595
82	506
256	596
411	22
263	597
41	149
377	11
316	1
150	559
162	566
488	533
115	536
201	17
562	446
282	599
183	24
46	459
489	68
382	12
145	44
421	26
362	593
123	542
188	22
215	587
191	579
190	21
45	142
232	592
312	599
257	596
43	454
349	5
597	258
509	85
335	3
318	599
439	565
152	560
381	588
556	456
19	405
207	15
209	585
532	490
382	12
325	2
515	91
17	201
417	24
353	5
459	554
533	488
14	390
108	70
508	84
336	3
536	485
288	599
564	158
519	505
87	89
145	556
418	575
526	103
1	276
439	565
519	95
318	1
290	599
266	2
405	581
247	595
356	594
548	132
362	593
310	599
479	540
410	21
189	22
552	138
282	599
539	481
24	183
149	41
279	1
575	419
124	542
349	595
354	5
328	2
175	28
437	34
426	572
220	589
536	115
403	19
382	12
400	18
353	5
421	574
113	66
38	154
492	70
118	62
479	540
359	6
87	89
457	555
5	354
426	28
439	565
11	220
388	586
363	593
480	60
436	33
597	342
571	428
338	597
470	547
213	13
62	482
21	190
284	599
459	554
336	3
398	583
236	593
229	591
247	595
135	50
61	481
206	16
244	6
18	198
465	50
34	438
121	540
358	6
396	584
360	7
259	597
592	368
418	25
599	276
57	125
51	133
508	516
80	503
106	528
32	166
163	34
26	178
371	591
70	108
411	578
480	60
511	513
115	536
505	81
204	584
28	426
423	573
317	599
176	573
164	567
296	599
168	569
151	560
464	551
504	519
415	23
232	8
575	181
48	462
565	440
123	58
405	581
193	580
364	7
241	594
452	558
133	51
581	405
519	95
421	26
482	62
178	26
147	42
127	55
30	430
427	571
333	598
167	32
339	3
21	410
23	415
334	598
364	7
276	1
117	537
334	598
430	570
442	36
189	578
396	584
208	15
117	63
0	300
431	31
506	518
44	456
535	114
367	8
17	399
498	525
134	51
558	147
113	66
89	513
259	3
146	43
569	432
16	396
95	519
136	551
386	587
461	553
595	246
226	10
120	60
339	3
492	530
26	422
119	539
181	575
272	2
356	594
582	402
48	138
206	16
423	27
119	61
37	156
313	1
116	536
500	77
68	110
85	509
381	12
499	524
385	13
280	599
255	596
443	563
370	9
546	471
408	21
76	101
46	459
501	78
225	10
339	3
439	565
565	160
188	22
27	176
360	593
272	598
414	577
196	581
120	540
230	591
358	594
407	20
109	531
505	519
516	92
559	149
529	107
382	588
114	535
297	1
496	73
258	597
238	7
356	594
567	436
182	25
101	76
434	568
198	18
379	11
225	10
188	578
591	372
334	598
132	52
186	577
292	599
148	558
322	1
56	126
484	64
238	7
282	599
57	125
597	342
590	376
381	12
248	5
403	19
160	565
309	1
81	505
256	4
506	518
551	464
44	144
113	534
131	547
273	598
138	552
343	596
95	81
92	84
261	597
442	36
296	599
50	135
148	42
391	585
30	430
416	24
100	523
348	4
32	434
469	53
79	98
6	359
41	149
345	4
497	526
465	550
579	410
182	25
317	1
191	579
550	465
122	59
316	1
319	599
506	518
267	598
5	354
415	577
432	31
480	60
574	422
514	510
500	523
102	75
169	31
579	190
165	33
416	24
535	114
544	474
243	594
30	430
424	27
71	493
480	60
231	9
56	474
155	562
575	419
102	75
332	598
407	580
152	560
103	74
554	459
177	573
201	583
394	584
156	563
536	485
213	587
223	11
317	599
310	1
257	4
265	3
585	207
55	473
433	568
435	567
97	520
176	573
407	20
245	594
372	9
392	585
60	120
503	80
167	568
145	556
245	594
243	6
310	599
287	1
558	147
335	3
232	592
359	594
586	390
408	21
118	62
593	364
120	540
472	55
131	53
439	35
519	505
193	580
565	160
35	440
579	190
303	599
530	108
356	6
92	516
394	584
588	384
361	7
534	487
353	595
29	428
515	91
307	599
7	364
443	563
471	54
154	38
89	87
148	42
218	588
323	599
453	42
83	507
26	178
336	3
356	594
89	513
51	133
270	598
592	232
411	578
351	5
1	276
158	564
218	588
180	574
435	33
557	146
78	99
530	492
396	16
29	428
194	580
498	75
123	58
96	81
491	69
479	60
155	562
292	599
560	151
56	474
230	591
519	95
314	1
404	581
94	518
57	125
237	7
131	53
30	170
45	142
245	6
107	529
4	252
543	475
186	23
249	595
210	586
438	566
164	567
555	142
504	519
403	19
470	547
572	174
187	23
208	585
374	10
304	1
161	565
250	5
195	581
315	1
386	13
311	1
494	528
125	57
584	396
40	151
209	15
264	3
15	393
576	417
474	56
312	1
269	598
314	599
304	599
201	17
130	547
582	198
476	58
493	529
185	577
572	174
529	493
587	213
53	470
86	90
93	517
216	12
388	14
458	45
165	33
561	447
55	127
182	575
148	42
566	438
439	565
2	334
84	508
545	127
113	66
145	44
50	135
300	0
427	29
519	505
70	492
366	592
44	456
211	14
496	73
574	422
71	107
494	528
36	158
294	599
72	494
242	594
102	525
280	1
149	559
324	599
446	38
340	597
373	10
282	599
365	8
320	599
268	598
525	102
134	549
430	30
333	2
80	503
325	2
153	39
558	147
286	599
387	13
279	599
15	207
135	550
527	104
112	533
42	453
571	428
589	220
21	410
28	174
229	591
107	529
337	3
194	20
480	60
119	539
203	17
597	342
453	558
266	2
250	5
502	521
555	458
207	585
471	54
289	1
357	594
523	500
582	198
230	9
215	587
462	48
52	468
531	109
553	461
305	1
369	9
43	454
114	535
318	1
144	44
105	527
485	536
3	258
498	75
133	51
367	592
374	590
438	566
13	387
462	48
273	598
19	195
317	1
531	491
143	45
76	101
391	15
152	40
573	176
578	412
83	507
99	522
225	590
165	567
224	590
289	1
254	4
579	190
80	503
35	160
446	562
591	228
255	596
435	33
566	438
539	481
100	77
15	207
29	428
205	584
367	592
525	102
212	14
117	63
497	74
77	500
38	446
541	478
342	597
250	595
353	595
479	540
93	517
88	88
292	1
466	51
350	5
279	599
270	2
285	599
578	412
254	4
477	58
426	28
183	576
16	204
348	596
180	574
441	564
274	598
10	224
249	5
497	526
106	528
418	25
7	236
234	8
73	104
277	599
170	570
150	559
314	599
305	599
428	29
421	26
40	449
253	596
76	499
77	500
515	91
490	532
400	18
258	3
411	578
467	51
385	13
583	399
243	594
597	258
309	599
307	599
151	560
39	447
16	396
533	488
269	2
403	19
434	32
272	2
311	599
234	8
484	536
423	573
375	10
356	594
330	598
513	89
402	18
477	542
225	590
398	17
213	13
168	31
402	582
551	464
490	532
440	565
485	536
161	565
260	597
33	436
126	56
18	402
318	1
539	119
340	3
554	459
151	40
431	569
444	37
419	25
296	1
223	589
273	2
529	493
475	543
146	557
183	576
419	575
390	14
365	592
35	440
87	511
542	123
10	376
588	384
513	511
364	7
148	558
85	509
148	558
587	213
193	20
344	596
334	598
383	588
54	129
379	589
120	60
398	17
422	26
118	538
76	499
570	430
371	9
371	9
581	195
237	7
427	571
293	599
521	98
396	16
219	588
65	486
146	43
204	584
271	598
439	35
360	7
199	18
440	35
264	3
232	592
448	40
275	2
9	228
544	126
418	575
480	60
375	10
151	560
148	42
48	462
169	31
369	9
343	596
302	599
489	532
265	3
422	26
527	496
106	528
69	491
92	516
97	80
482	62
78	99
497	74
471	54
233	8
260	597
261	597
10	376
568	166
5	354
283	599
265	597
587	213
102	75
247	5
498	525
175	28
480	60
352	5
110	532
292	1
164	33
150	559
32	434
67	112
159	564
276	1
566	438
88	88
542	477
166	32
134	51
280	1
458	45
260	597
322	1
508	84
93	83
149	559
196	581
500	77
75	102
204	584
50	465
389	586
498	525
366	8
234	8
155	38
561	153
82	94
262	3
247	595
460	47
439	565
217	588
273	598
278	1
528	494
192	579
566	162
508	84
291	1
378	11
523	100
344	4
221	589
256	4
535	486
116	64
535	486
389	14
356	6
130	53
596	348
526	497
343	4
426	28
144	44
130	547
275	598
452	42
570	170
506	518
81	95
225	10
418	575
42	453
435	33
469	547
395	584
126	544
452	558
160	35
41	149
93	517
385	13
408	579
316	599
585	207
562	154
47	461
363	7
461	47
329	2
579	410
225	590
181	575
49	464
272	598
11	380
64	485
223	589
184	24
552	462
249	595
229	591
539	481
311	599
185	577
321	1
486	535
251	595
574	178
362	7
296	1
42	147
311	1
227	590
272	598
505	519
157	37
261	3
56	474
521	98
412	578
521	98
540	480
477	58
79	98
267	2
251	5
505	519
54	129
344	596
28	174
172	571
75	498
416	24
434	32
382	588
368	592
388	14
57	125
578	188
98	521
496	527
582	198
309	599
169	569
562	154
129	54
420	26
533	112
400	18
582	198
306	1
506	518
334	2
55	473
143	555
124	58
557	146
83	507
473	55
195	19
364	593
298	599
350	5
568	166
291	1
262	3
368	8
222	589
387	13
476	542
295	599
345	596
46	141
216	588
58	477
169	31
188	578
196	19
110	532
472	55
556	144
185	23
28	174
351	5
38	446
507	517
327	2
61	119
328	598
352	5
139	47
295	599
189	578
273	598
327	598
512	88
391	15
72	494
371	9
194	20
389	586
56	474
330	2
251	5
549	133
504	519
241	594
561	447
307	599
599	276
357	6
181	575
567	436
593	236
553	461
163	34
299	599
200	582
13	387
216	588
314	1
595	354
583	201
490	68
210	586
290	1
37	156
195	581
250	5
191	579
225	10
94	82
420	574
550	135
187	577
496	73
563	156
53	130
218	12
224	10
118	538
268	2
147	558
182	25
227	590
342	3
119	61
559	149
76	499
214	13
337	597
175	572
349	595
50	135
589	380
245	6
515	91
531	109
586	390
74	497
254	596
234	592
208	15
273	2
103	74
412	578
139	553
72	494
10	224
271	2
221	589
454	43
197	581
386	587
119	539
578	188
455	556
576	417
120	60
458	555
65	114
405	581
188	22
153	561
560	151
519	95
46	459
302	1
136	551
149	559
261	3
260	3
458	45
11	380
234	8
348	4
374	10
60	120
264	597
28	174
361	7
494	528
355	594
243	6
96	81
417	24
1	324
450	41
515	509
375	10
235	8
547	470
466	51
181	25
52	468
486	65
19	195
480	60
72	106
599	324
73	104
537	117
310	1
312	1
318	1
505	519
390	586
205	584
449	560
397	583
564	442
2	334
256	596
346	4
26	422
135	550
175	572
473	545
89	87
548	132
7	236
84	508
40	449
308	1
319	599
183	576
91	85
286	1
166	32
487	534
533	112
302	599
566	162
254	4
245	6
392	15
298	599
404	581
156	563
350	5
561	153
159	36
485	64
596	348
31	168
52	132
228	9
226	590
579	190
18	402
159	564
257	596
275	598
102	75
71	107
244	594
289	1
25	419
559	149
353	595
385	587
355	594
300	600
493	71
160	565
92	516
90	86
27	424
158	564
260	597
365	592
85	91
300	600
162	34
205	584
81	505
590	224
322	1
40	449
100	523
306	599
517	93
67	112
426	572
263	3
44	456
193	580
452	42
62	482
117	63
450	41
559	451
444	37
220	589
340	597
75	102
429	570
18	198
310	1
353	5
346	4
498	75
543	475
580	407
540	120
118	62
123	542
192	21
270	2
278	1
246	5
150	559
398	583
504	519
38	446
293	599
147	558
464	551
52	132
66	487
280	1
218	12
203	583
329	2
159	564
122	59
455	44
144	44
279	1
467	549
279	599
594	241
215	13
388	586
204	16
186	577
87	89
411	578
231	9
227	10
237	7
430	30
446	38
487	534
38	446
317	1
94	518
500	77
472	55
177	27
522	501
247	5
398	583
336	597
314	1
149	559
251	595
430	570
284	1
261	3
349	595
12	216
295	599
479	60
371	9
292	1
106	72
367	592
287	599
42	453
529	493
442	36
477	58
468	52
304	1
494	72
161	35
131	547
109	531
542	477
597	342
560	449
65	114
516	508
88	88
559	451
519	505
533	112
527	496
542	477
172	29
344	596
31	168
374	10
117	63
454	557
40	151
105	73
579	410
99	522
51	467
418	575
9	372
587	387
109	531
15	207
540	480
109	531
89	87
274	2
426	572
299	1
577	415
403	581
19	405
255	596
238	7
471	54
587	213
0	300
378	11
92	84
261	597
82	506
253	4
178	26
345	596
369	591
229	591
18	402
102	525
526	497
531	109
330	2
64	115
31	168
252	4
191	21
547	470
43	146
6	241
186	577
573	176
523	100
118	538
139	553
431	31
522	501
368	8
528	106
316	599
109	69
430	30
182	25
561	447
340	597
319	1
374	10
251	595
462	552
210	14
57	125
547	130
528	106
536	115
276	1
580	193
567	164
36	158
493	71
115	536
552	462
62	118
107	529
166	32
382	12
235	592
161	35
405	581
76	101
406	20
179	26
404	581
519	505
562	446
6	241
382	588
197	581
21	410
188	578
75	498
575	181
119	61
101	524
250	595
354	5
464	551
295	1
527	104
209	585
461	47
487	66
310	1
221	11
242	6
461	553
93	517
29	172
88	512
379	589
430	570
221	11
185	577
118	62
34	162
299	1
535	114
203	17
30	170
580	407
504	81
499	76
377	11
115	536
364	7
303	599
315	1
570	170
404	19
579	410
432	569
527	496
293	1
263	597
35	440
160	565
283	1
368	592
490	68
574	422
558	147
171	570
144	556
597	258
87	89
195	581
253	596
410	579
235	592
213	587
104	73
427	571
446	38
67	488
61	119
90	514
489	532
581	195
15	207
514	90
541	478
24	417
431	569
368	592
565	440
395	584
82	94
74	497
167	32
309	599
14	390
419	575
363	7
200	582
180	26
557	454
370	9
329	598
87	89
540	120
479	60
404	581
220	589
449	40
105	73
252	4
104	73
149	41
167	32
512	512
124	58
561	153
378	589
575	419
28	174
364	593
582	198
277	1
163	566
276	599
368	8
107	71
71	107
411	22
312	599
98	521
275	2
75	102
81	95
351	5
256	4
514	510
476	58
305	599
394	16
359	6
72	494
398	17
201	583
186	577
532	490
513	511
484	536
71	493
27	176
94	518
271	598
435	33
542	477
556	144
590	224
325	2
13	213
465	550
239	593
350	5
590	224
465	550
20	193
209	15
11	380
544	126
142	555
451	559
169	31
450	559
226	10
411	578
443	37
537	117
479	540
418	575
450	559
39	447
574	422
412	578
247	5
31	168
584	396
61	481
87	89
296	1
83	93
477	58
262	3
529	493
557	454
372	591
380	589
518	94
46	141
477	58
347	4
97	80
594	359
550	135
461	47
545	127
316	599
566	438
2	334
446	38
204	584
454	43
136	49
250	5
290	1
288	599
457	45
329	2
168	569
515	91
80	503
585	393
274	598
44	144
291	599
402	18
17	201
525	498
194	20
263	597
19	405
241	6
374	590
539	481
77	500
373	10
586	210
428	29
425	28
593	236
405	19
267	598
575	181
597	258
78	99
130	53
448	560
348	596
62	118
4	252
549	467
11	220
233	8
215	587
236	593
218	12
244	594
268	598
195	581
177	573
304	1
478	59
282	599
68	490
469	547
254	4
333	2
103	74
15	207
421	26
8	232
563	444
100	523
58	477
360	7
494	72
492	70
487	534
488	533
566	438
431	569
528	106
25	181
319	1
74	497
379	589
416	576
103	526
498	75
400	582
355	6
25	419
246	595
505	81
524	101
182	575
80	503
299	599
524	101
357	6
140	47
211	14
152	40
179	26
384	12
274	598
360	7
59	478
378	11
393	15
394	584
48	138
197	581
293	1
523	500
221	589
283	599
419	25
133	549
68	490
483	537
596	348
409	21
19	195
36	442
314	1
111	68
103	74
592	232
337	597
105	73
413	23
466	549
574	178
195	581
339	597
343	4
43	454
269	2
404	581
440	35
96	519
582	198
24	417
214	13
115	536
170	30
215	13
340	597
241	594
205	16
103	74
73	104
162	34
502	521
1	324
347	596
456	44
220	11
272	598
28	174
79	98
444	37
104	73
463	49
430	570
328	598
546	471
91	85
229	9
320	599
175	28
167	32
205	16
45	142
232	8
388	14
66	113
440	35
244	6
38	154
395	584
447	561
498	75
234	592
232	592
232	592
554	141
297	1
515	509
396	16
167	568
435	33
159	564
325	598
415	577
389	586
500	523
335	3
545	473
475	57
224	590
266	2
165	33
77	100
470	547
510	86
143	45
398	17
563	444
29	172
164	567
56	126
427	571
284	599
371	591
288	1
472	545
425	28
213	13
496	73
483	63
214	587
45	142
327	598
576	183
492	70
353	595
66	487
430	570
185	23
206	584
447	561
196	581
346	4
487	534
180	26
285	1
104	527
5	354
52	132
468	548
191	579
264	597
441	564
560	449
26	178
76	101
42	147
169	569
376	590
492	70
470	547
232	592
258	597
3	342
335	3
259	597
177	27
21	190
520	503
22	412
532	110
34	438
447	561
106	72
200	18
491	531
347	596
1	324
301	599
307	1
190	579
303	599
391	585
102	525
267	2
178	26
354	595
548	132
512	512
363	7
437	34
119	61
581	195
427	571
360	593
376	10
171	570
30	430
309	1
317	599
142	45
338	3
489	68
590	224
91	515
16	204
52	468
467	51
290	599
50	465
108	70
343	4
68	110
131	547
6	241
447	561
29	428
354	595
277	1
547	470
443	37
174	28
456	44
236	593
164	567
202	17
504	519
172	571
156	37
298	1
134	549
424	573
348	596
348	4
313	1
105	527
531	491
344	596
254	4
102	75
257	596
288	1
125	57
442	36
174	28
88	512
251	5
140	553
135	550
78	501
74	497
426	572
201	17
386	13
321	599
412	22
36	158
367	592
338	597
359	6
216	12
248	5
190	579
335	3
514	510
571	428
131	547
42	147
128	55
49	136
350	595
292	1
544	474
35	440
369	591
277	1
245	6
494	72
21	190
316	1
129	546
272	2
240	593
183	24
68	110
512	512
376	10
168	31
251	5
201	17
254	596
569	432
81	505
46	141
444	563
72	494
169	31
287	599
263	3
283	599
520	97
451	559
284	599
125	57
215	13
452	558
302	599
103	526
559	149
509	85
478	541
391	585
396	16
6	241
161	35
332	598
106	72
358	594
302	1
62	482
34	162
232	8
477	542
306	599
149	41
566	162
256	4
340	597
39	153
160	565
333	2
308	1
285	599
350	5
241	6
233	8
431	569
553	139
438	34
592	232
566	438
366	8
317	599
453	42
318	1
170	30
268	598
311	599
37	156
206	584
449	560
544	474
122	59
412	22
517	507
27	424
22	188
223	589
442	564
516	92
534	487
471	54
197	581
267	2
374	590
266	598
84	508
32	434
446	562
52	132
39	153
8	368
25	419
159	564
490	532
174	572
553	139
571	172
42	453
378	11
276	1
399	583
587	213
357	6
153	561
317	599
384	12
330	598
435	567
313	1
594	241
71	107
356	6
210	14
39	447
521	98
555	142
31	168
572	174
155	562
518	506
307	1
243	594
359	6
392	585
290	599
438	34
178	26
20	193
281	1
449	40
508	516
223	11
353	5
275	598
325	598
97	80
395	584
565	160
153	561
268	598
228	591
289	599
196	19
211	586
251	5
379	589
158	564
372	9
414	23
267	598
72	494
478	59
144	44
97	80
341	3
387	13
245	6
87	89
385	587
438	34
460	553
362	593
597	342
350	5
372	9
577	185
280	599
465	550
542	123
516	92
439	565
561	447
73	104
573	424
293	1
394	584
8	232
586	390
595	354
457	555
325	598
376	10
145	556
310	599
266	598
353	595
426	572
410	21
106	72
215	13
44	144
353	5
428	571
582	402
141	46
393	585
232	8
165	33
23	185
65	486
39	153
61	481
564	442
186	577
398	17
592	232
577	185
577	185
331	2
362	593
215	13
170	30
174	28
139	47
269	2
102	75
305	1
75	102
327	598
334	2
456	556
68	490
554	141
53	130
210	586
324	1
124	542
273	598
117	63
103	526
520	97
593	236
229	591
312	1
72	494
248	5
549	467
368	8
297	1
368	592
547	130
485	536
258	597
184	576
200	582
445	38
156	563
550	465
413	577
215	13
58	477
389	14
567	164
552	462
274	2
296	599
236	7
11	380
555	142
12	384
579	410
376	10
388	586
297	599
39	447
341	597
427	29
177	27
372	591
87	89
99	78
119	539
120	540
410	579
276	1
297	1
195	19
484	64
454	43
127	55
183	24
190	579
229	9
337	3
224	590
122	541
318	1
27	424
116	64
301	1
192	21
484	536
403	581
150	559
436	567
10	224
247	595
573	424
285	1
199	582
333	2
52	132
384	12
279	1
530	108
241	594
597	258
399	583
23	185
553	139
347	4
271	2
269	598
430	570
175	28
280	599
297	599
298	1
197	581
471	546
104	73
145	44
509	515
399	583
340	3
275	598
399	583
234	592
204	16
582	198
503	80
169	31
255	596
207	585
1	324
446	562
298	1
314	599
357	594
257	4
404	19
229	9
259	597
376	10
225	10
89	87
432	569
52	468
235	592
536	485
127	545
18	402
402	18
231	9
25	419
479	540
197	19
77	100
165	567
443	37
191	579
474	56
247	595
351	5
562	446
105	73
109	69
22	412
494	72
485	536
244	594
199	582
571	172
39	447
271	598
296	1
154	38
118	538
240	593
516	508
263	597
317	1
597	258
54	129
9	228
584	204
267	598
371	591
144	44
326	2
142	45
500	523
118	538
136	49
279	1
577	415
286	1
112	67
219	588
230	591
584	204
139	553
43	146
233	592
570	170
127	545
102	525
233	592
479	540
93	517
439	35
520	503
100	523
439	565
565	440
162	34
85	91
226	590
365	592
451	559
476	542
309	1
50	465
525	498
442	36
256	4
126	544
167	568
388	14
501	522
165	567
286	1
14	210
50	135
416	576
303	1
299	599
381	12
207	585
394	16
154	562
62	482
302	1
216	588
386	13
279	599
40	449
382	12
479	60
151	40
39	447
304	599
57	125
266	2
417	24
198	18
508	84
450	41
259	597
449	560
242	594
473	545
226	590
510	86
442	564
276	1
69	109
537	483
428	571
433	32
428	29
59	478
18	402
257	4
3	342
261	597
417	24
318	1
151	560
482	538
77	100
509	515
223	11
552	138
296	599
197	581
140	553
495	527
130	53
494	72
25	419
56	126
186	23
483	63
26	178
302	599
131	53
40	449
105	527
416	24
207	15
67	112
164	567
172	571
584	396
118	62
528	494
237	7
305	599
275	2
169	31
94	518
49	464
510	514
70	108
173	29
159	36
71	107
513	511
64	485
310	599
245	6
157	37
474	544
18	402
35	440
470	547
294	599
409	21
141	554
516	508
210	14
179	26
532	490
551	136
78	99
2	334
413	23
419	575
186	577
482	538
550	135
30	170
522	501
313	1
337	3
461	553
237	593
495	527
254	4
466	51
97	80
47	461
277	599
576	183
361	7
276	1
185	577
332	598
295	1
348	4
21	190
62	482
369	591
448	560
178	574
157	563
39	447
593	236
103	74
102	525
219	588
436	567
143	555
494	72
191	579
479	540
206	16
226	10
514	90
49	136
596	348
206	16
219	588
477	542
496	73
330	2
523	100
23	185
453	558
358	6
63	483
293	1
592	232
343	4
380	11
366	592
7	364
87	89
241	6
430	30
435	33
216	12
47	461
152	560
70	492
49	464
124	58
314	1
477	58
583	399
323	599
268	598
79	502
436	33
389	586
312	599
284	599
324	599
562	446
531	491
511	513
130	547
288	1
458	45
484	64
143	45
131	53
142	555
17	201
451	41
546	129
144	556
368	8
257	4
392	585
300	600
403	581
479	540
128	545
570	170
79	98
83	507
72	106
256	4
241	6
535	486
566	438
49	464
3	258
125	543
365	8
456	556
167	568
298	599
225	590
45	142
298	599
487	534
150	559
182	575
482	538
147	558
316	1
127	55
64	115
338	597
285	1
466	549
263	3
56	126
253	596
487	534
186	23
174	572
33	436
181	575
385	587
132	548
184	576
86	90
260	597
372	9
133	549
294	1
70	492
365	8
154	562
4	252
475	543
397	17
349	5
192	21
129	54
101	524
246	595
419	575
122	541
561	153
287	1
569	432
80	503
381	588
330	2
177	27
240	593
120	540
150	41
315	1
535	486
12	216
346	4
313	599
23	185
259	3
352	5
422	574
26	422
243	6
3	342
177	573
29	172
539	481
520	503
34	438
382	12
475	57
352	595
236	593
446	38
143	555
380	589
505	519
72	494
492	530
119	539
209	585
183	24
89	87
399	583
274	2
323	599
231	9
164	567
488	67
188	578
217	588
487	66
390	586
485	536
268	598
116	536
291	599
82	506
248	5
64	115
350	5
226	590
588	384
290	599
578	188
13	213
565	160
13	213
194	580
526	103
391	15
228	9
69	491
361	7
554	459
213	13
571	428
462	552
238	593
439	35
69	109
44	456
566	162
435	567
184	24
470	53
177	573
405	19
170	30
577	415
44	144
67	488
59	122
267	2
40	151
269	598
293	1
253	4
234	8
59	478
204	16
242	594
373	10
570	170
575	419
581	405
297	1
71	107
436	33
462	48
312	599
521	502
255	596
477	542
35	440
234	592
291	1
189	22
144	556
447	561
102	525
594	359
143	45
499	524
233	592
323	599
264	3
135	550
390	586
200	582
190	21
485	536
464	551
452	42
422	26
319	1
149	41
539	481
584	204
540	480
295	599
429	570
412	578
411	22
494	528
409	579
230	591
6	359
487	534
346	4
395	16
360	7
336	3
229	591
185	23
415	23
537	117
160	35
170	570
218	588
339	597
500	523
1	276
443	37
68	110
84	92
426	28
293	599
369	9
507	83
158	36
406	580
467	549
9	228
36	442
262	597
106	72
526	497
177	27
478	541
580	407
581	405
408	579
274	2
462	552
90	514
282	1
271	598
25	419
156	563
527	104
588	384
374	10
83	93
355	6
357	6
18	198
2	334
593	364
371	9
162	566
30	170
475	57
476	542
255	4
404	19
55	127
329	2
155	38
246	5
74	103
306	1
570	430
199	582
257	596
532	490
290	1
2	334
571	172
219	12
154	562
518	94
240	7
527	104
590	224
492	530
164	567
347	4
489	68
454	557
540	480
65	486
80	503
234	592
175	28
334	2
285	1
245	594
37	444
12	384
410	579
112	533
355	6
170	570
17	399
526	497
485	64
381	588
2	266
515	91
570	430
483	537
357	6
214	13
484	64
10	224
483	63
79	502
284	1
485	536
560	151
481	61
481	61
462	48
68	110
265	3
98	79
29	172
69	491
284	1
159	36
591	228
477	58
444	37
259	3
271	598
178	26
236	7
268	2
408	579
256	596
407	580
177	27
431	31
25	419
468	52
170	570
405	581
485	536
276	1
404	581
387	13
153	39
338	3
146	557
461	47
60	120
305	1
124	542
495	73
453	42
193	20
459	554
218	12
46	141
354	595
130	53
359	594
299	599
111	68
182	25
154	38
571	172
100	523
295	599
184	24
509	515
512	88
364	7
73	104
60	120
499	524
82	94
518	94
180	574
480	540
246	5
395	16
42	147
340	597
269	598
125	57
374	10
77	100
571	428
597	342
548	468
379	11
560	151
139	553
326	598
57	125
372	9
564	442
491	531
436	567
340	3
148	558
539	119
19	195
209	15
596	252
369	591
541	478
512	88
380	589
63	117
565	440
156	37
497	74
196	581
561	153
350	595
104	73
329	2
302	1
349	595
145	44
71	493
405	581
206	16
244	594
226	590
233	592
596	348
190	579
56	474
190	21
64	115
365	8
482	538
219	588
178	574
303	1
98	79
368	592
581	405
559	149
507	83
304	599
374	590
544	126
500	523
136	49
445	562
263	597
396	16
478	541
131	547
140	553
143	45
290	599
362	593
449	560
119	61
535	486
232	592
209	585
187	23
42	147
483	537
258	3
443	563
306	599
221	589
75	498
145	556
478	59
465	50
342	597
345	596
546	471
412	22
38	154
513	89
361	7
348	4
42	147
41	451
515	91
92	516
176	27
180	26
113	66
558	453
578	188
69	109
419	25
86	510
348	596
186	577
481	539
309	599
163	34
4	348