311	58
172	309
580	476
493	326
292	241
236	282
116	342
316	99
22	442
495	83
587	160
556	20
315	463
540	395
401	151
229	464
474	90
494	157
140	485
153	144
482	522
526	415
61	499
84	55
415	341
50	393
297	287
268	114
277	37
121	221
181	317
137	415
114	277
532	382
129	207
118	135
152	259
118	371
62	55
470	341
192	109
117	242
223	385
223	190
215	214
326	495
299	156
514	248
4	448
92	572
73	87
80	549
351	112
112	584
241	174
134	119
68	198
370	235
25	67
505	147
277	276
190	261
462	151
442	520
563	100
24	4
222	585
315	447
302	341
416	356
332	242
440	338
231	164
262	118
355	385
79	214
309	108
551	308
97	250
87	387
36	8
596	544
334	55
564	200
543	350
138	338
410	466
425	409
326	587
524	585
545	214
436	507
248	99
499	214
170	322
165	348
218	255
478	422
267	63
406	589
134	270
25	470
318	447
364	145
461	455
50	191
55	230
284	525
12	347
390	9
588	90
510	208
354	413
288	457
203	13
581	482
528	379
155	245
494	63
5	526
271	524
170	228
218	174
531	497
5	225
142	240
26	175
320	266
488	149
519	557
400	476
158	370
160	31
369	545
525	317
472	595
585	197
129	140
284	273
182	507
302	57
205	95
410	132
406	23
391	445
31	486
312	184
212	26
555	472
26	552
127	526
322	453
142	304
539	43
122	483
336	582
220	438
193	434
399	38
69	219
515	167
500	576
110	310
267	397
397	496
569	524
584	597
398	336
291	319
260	309
280	145
573	551
74	182
571	93
589	272
431	546
161	209
66	448
78	465
527	161
433	148
337	147
124	95
544	367
563	495
23	39
274	6
249	73
93	508
418	469
512	502
346	527
5	109
252	585
123	397
325	448
315	88
47	104
38	471
421	375
467	236
369	292
453	463
561	178
488	491
145	292
148	508
561	335
18	104
415	182
443	439
224	254
296	72
87	519
460	217
408	316
558	530
38	23
347	15
408	380
584	377
467	240
501	520
457	117
532	174
495	69
113	266
76	521
156	552
397	373
73	114
101	305
233	477
218	566
537	139
83	411
96	384
165	420
471	571
293	502
537	379
151	321
185	155
421	506
130	452
524	484
25	445
409	371
488	273
144	125
404	382
596	220
317	245
571	100
342	3
329	294
2	323
413	119
407	549
272	336
415	151
257	522
232	575
550	310
173	234
526	102
198	412
33	587
107	420
304	204
182	51
553	368
357	282
483	489
591	277
376	77
542	463
512	426
378	131
522	421
95	92
486	414
101	546
109	356
189	441
546	521
139	496
282	353
382	379
542	45
117	214
586	502
268	46
189	512
468	253
345	69
208	514
413	570
387	187
29	98
351	408
387	565
553	5
23	45
304	396
138	205
533	180
408	31
20	322
396	344
216	594
533	1
68	98
22	325
446	331
180	570
46	85
176	598
324	7
4	328
576	375
170	519
579	348
40	595
587	29
152	214
83	293
556	342
537	254
7	131
0	591
198	319
462	260
261	359
392	408
222	181
386	458
180	262
19	41
541	399
188	284
230	175
113	395
417	520
512	44
58	40
423	387
127	375
474	465
293	252
217	247
151	560
344	519
154	230
201	511
68	46
100	172
42	101
414	247
409	395
535	414
148	512
517	593
420	139
71	95
102	1
324	446
165	351
593	419
169	140
201	595
296	405
70	39
184	414
270	181
102	402
282	537
249	376
480	280
352	370
536	444
26	146
203	481
444	492
199	578
180	186
231	297
149	104
567	586
283	149
534	394
270	210
44	305
476	578
539	577
495	254
410	34
357	268
419	28
14	531
230	96
545	470
295	500
111	403
283	592
289	358
568	537
276	590
434	114
338	564
321	354
5	476
544	15
309	362
73	60
241	106
139	561
314	547
381	512
194	449
221	599
308	21
25	271
93	36
463	560
471	481
392	431
159	527
527	517
573	263
183	157
456	579
194	593
228	277
206	281
11	14
577	426
312	351
142	591
316	469
136	231
111	501
27	562
368	516
434	161
464	97
114	289
520	234
390	276
51	408
468	508
421	64
420	388
171	590
201	278
181	128
280	442
446	596
302	506
276	159
326	223
459	532
519	126
492	261
11	237
458	152
84	309
253	249
50	411
495	56
16	406
428	295
436	503
495	507
68	488
296	324
598	403
370	226
584	472
216	438
103	146
15	354
267	38
598	238
366	81
490	488
493	422
590	15
439	433
424	268
307	586
527	62
247	169
96	456
291	154
280	569
155	277
484	192
483	470
20	122
261	244
190	178
350	159
502	539
102	483
587	293
598	300
61	393
580	532
178	147
178	368
529	123
109	284
550	472
417	318
299	210
474	510
303	162
365	96
192	320
541	418
357	1
473	256
422	267
386	2
229	598
411	311
301	472
209	289
24	77
514	76
583	394
570	228
467	100
0	346
65	338
415	122
481	100
400	165
431	326
501	278
410	85
168	514
387	412
66	137
344	123
408	452
29	597
120	90
476	301
473	19
387	404
40	200
172	482
383	52
27	471
0	123
240	412
327	78
284	410
549	304
224	494
1	161
288	512
129	388
143	95
86	598
125	220
581	566
275	47
98	11
190	49
567	119
538	271
259	198
286	279
221	386
37	83
215	367
349	311
488	158
328	208
490	368
144	155
66	112
272	111
453	62
93	409
543	596
323	370
383	350
484	567
191	35
107	396
8	346
327	581
346	131
155	27
584	108
346	480
410	548
567	391
476	176
235	379
68	319
168	2
537	355
226	333
431	15
277	87
550	272
378	407
90	265
179	108
398	599
237	61
98	509
550	594
323	237
60	394
17	364
581	145
388	65
44	134
447	226
41	335
511	538
498	321
453	331
109	40
367	572
360	174
141	159
439	140
422	490
420	179
19	575
285	101
363	274
63	501
118	183
1	304
126	62
387	438
87	588
285	545
150	255
516	177
559	445
367	585
489	82
456	1
357	516
126	513
492	140
294	23
94	564
378	206
254	407
74	571
42	265
439	37
113	85
471	80
46	61
282	301
473	297
483	490
532	175
122	313
394	459
334	72
547	419
416	397
133	298
234	572
85	359
374	310
475	65
220	311
275	193
395	13
416	236
433	480
323	140
350	514
537	218
34	92
402	297
582	258
598	450
64	68
458	272
576	90
584	111
247	204
85	238
448	419
267	222
270	63
575	14
21	326
93	69
381	110
511	579
353	575
29	195
534	312
182	241
599	220
308	276
509	433
477	209
219	501
94	228
343	573
211	259
597	419
362	480
310	435
341	275
53	106
397	266
10	124
308	166
224	200
203	12
393	274
138	492
305	590
286	457
423	516
524	325
432	196
388	105
350	566
537	150
78	582
140	227
255	403
288	235
542	19
489	522
511	77
246	260
46	122
381	50
235	448
109	505
163	125
463	473
27	236
374	136
328	415
29	224
538	338
31	476
567	527
458	234
563	180
333	140
61	77
224	305
341	94
155	284
146	346
447	462
440	473
344	37
414	569
276	575
182	524
301	284
413	426
250	584
586	67
92	370
139	283
388	525
515	98
546	48
249	351
288	539
546	336
133	72
77	1
293	372
367	535
93	169
565	375
101	57
423	567
190	417
597	353
491	104
488	496
357	258
123	264
366	461
571	486
374	303
233	161
108	26
225	108
492	53
59	218
199	337
38	364
16	333
164	305
579	510
129	91
360	22
421	546
21	423
121	559
202	205
134	271
509	333
585	418
117	174
34	543
332	219
180	526
142	537
415	145
182	275
577	64
200	80
147	584
169	110
271	543
474	269
352	350
500	386
210	123
13	414
440	250
536	331
556	448
123	267
424	348
402	188
580	290
137	540
497	365
542	428
522	449
357	508
466	314
557	484
40	316
295	538
71	48
479	229
162	551
252	309
349	390
385	180
454	182
486	477
178	191
520	560
461	33
157	279
345	543
220	152
319	464
112	583
524	115
550	214
354	94
404	556
144	195
153	248
188	144
435	545
36	258
444	340
196	125
182	16
225	562
533	225
388	125
124	111
346	241
439	370
433	403
295	540
125	264
533	163
17	244
286	74
41	144
452	356
411	335
253	132
222	429
52	411
298	52
206	447
135	437
215	244
130	496
371	393
434	519
232	346
49	269
416	502
542	262
365	468
423	595
277	375
195	246
421	387
5	124
66	578
477	507
194	448
297	449
561	71
561	158
288	200
312	576
104	143
534	353
548	57
514	111
491	117
309	344
365	524
426	359
525	174
313	55
13	371
443	491
568	82
39	536
40	361
99	472
239	274
231	316
187	191
187	341
299	322
576	351
382	483
268	242
467	430
327	406
34	248
283	442
513	102
408	81
67	282
29	170
4	475
259	219
391	464
411	313
440	321
456	519
413	107
191	176
63	565
299	194
511	339
85	225
331	7
136	437
591	198
410	2
256	478
359	138
581	266
416	249
302	512
441	228
534	24
31	302
349	17
104	593
286	121
125	542
160	96
146	121
103	50
479	451
50	567
503	45
439	361
29	263
259	394
342	530
182	39
497	416
490	228
11	374
596	541
488	554
76	319
252	383
511	241
327	403
548	498
270	457
587	208
582	311
448	114
308	438
327	355
392	353
290	532
344	445
262	372
577	20
340	198
232	365
435	135
358	571
346	363
90	296
35	379
496	175
99	21
303	3
47	569
8	462
536	515
211	354
135	593
524	422
579	18
490	6
207	297
184	538
185	366
341	8
85	175
262	352
120	184
267	533
504	500
542	555
153	206
527	353
74	161
13	157
174	0
304	526
111	26
306	402
453	310
380	436
99	151
204	457
498	173
19	344
311	96
77	436
224	225
2	463
237	262
385	396
393	26
524	473
439	583
127	511
193	441
306	456
403	216
6	148
414	265
572	168
537	266
345	420
586	208
46	166
250	63
19	408
71	285
51	307
539	291
595	207
265	337
213	16
431	53
241	526
255	296
114	329
240	53
166	223
578	303
168	324
383	269
304	573
348	389
545	465
175	571
595	284
26	571
583	401
405	227
432	515
18	390
9	376
66	366
33	35
477	417
531	212
519	55
18	94
445	421
314	93
271	305
258	562
392	475
421	29
176	292
175	14
435	542
69	0
458	264
453	122
135	476
253	314
565	390
159	232
446	363
82	69
31	564
468	351
526	54
315	434
28	591
267	420
340	70
97	340
419	47
390	368
530	595
256	371
511	344
282	535
418	34
500	436
83	157
349	549
65	366
396	283
140	261
271	120
84	385
490	578
67	48
33	539
117	529
521	505
240	432
32	510
46	517
325	534
407	226
130	144
364	255
526	572
598	492
519	583
261	306
28	438
20	534
185	573
194	35
340	114
316	483
92	314
349	418
281	583
479	351
358	598
587	303
235	369
333	512
55	93
451	167
107	146
76	254
482	514
485	14
412	144
543	316
274	199
412	379
515	580
96	415
37	233
164	513
336	270
85	140
236	126
171	458
162	307
182	395
128	471
459	364
462	361
548	272
318	136
254	38
225	375
140	38
443	13
73	425
376	216
370	28
89	597
33	0
159	270
134	194
0	496
280	298
222	584
521	170
293	82
592	405
509	30
344	289
253	399
78	474
41	257
504	557
354	135
320	77
532	558
440	150
277	169
119	356
56	241
145	246
353	169
325	565
316	356
512	395
566	283
168	522
573	591
83	322
420	575
517	581
222	119
535	491
395	581
589	150
192	385
272	89
497	152
386	362
274	357
289	480
3	117
90	19
505	405
383	271
193	34
163	364
456	349
425	254
318	481
437	67
545	362
2	254
126	276
19	48
226	493
133	421
150	88
513	250
553	167
144	441
479	548
598	70
520	412
233	50
243	321
123	9
457	362
243	410
406	89
291	274
233	24
346	214
173	545
312	227
521	289
546	539
570	545
444	463
328	145
571	403
501	112
237	75
258	516
135	576
100	434
54	38
35	219
386	205
140	236
596	530
220	296
305	330
156	44
510	131
573	6
363	278
313	387
412	4
312	460
450	340
68	540
257	79
300	113
362	152
541	588
305	579
159	446
209	57
363	409
467	45
451	113
101	527
441	461
191	586
585	166
105	219
363	538
416	424
248	469
455	539
438	582
386	226
430	17
94	173
427	366
356	587
237	21
341	472
435	155
455	343
535	342
206	0
44	74
206	39
226	541
44	505
506	413
460	347
317	148
84	361
262	589
144	335
352	94
231	263
226	473
235	544
328	217
550	264
515	294
335	278
288	196
300	6
341	550
458	162
327	595
335	369
338	114
409	526
576	352
551	272
163	539
229	561
381	225
261	246
556	338
96	330
76	119
421	31
236	437
440	418
554	386
596	362
458	3
403	413
345	183
513	198
209	172
185	22
581	140
231	38
564	251
421	375
322	344
153	135
146	286
299	185
344	245
213	103
426	570
179	46
175	520
25	125
264	297
68	523
579	549
105	269
494	293
185	81
544	181
150	387
483	116
535	209
238	521
463	20
407	460
260	70
517	29
20	42
316	133
473	556
498	520
349	326
246	220
561	164
352	80
47	198
411	332
271	463
455	217
22	558
476	332
443	329
137	412
404	504
97	205
565	261
295	337
384	102
481	35
216	484
255	471
15	548
199	353
584	16
473	344
103	457
157	423
196	34
213	584
566	108
580	149
44	450
406	397
103	240
201	479
323	109
97	389
396	594
42	272
581	254
214	476
356	143
502	488
274	103
181	253
190	209
592	81
161	446
162	86
380	401
68	107
245	59
562	311
249	379
376	421
99	110
371	257
571	207
76	509
2	99
95	576
561	411
482	220
265	295
41	130
236	580
558	260
243	529
269	439
154	228
526	75
526	596
220	425
230	138
346	32
399	553
549	219
441	599
245	18
511	295
269	156
396	301
569	558
113	485
407	195
307	488
39	295
265	452
252	545
291	494
412	181
37	575
420	340
163	168
85	241
287	251
539	536
182	240
443	444
393	25
132	501
216	459
591	69
576	193
529	198
396	198
375	146
553	255
488	189
436	123
422	307
15	184
254	586
568	299
128	12
442	595
312	387
460	362
154	192
488	521
389	83
31	175
494	177
455	598
109	60
254	427
260	533
248	32
548	214
165	103
346	415
542	493
191	480
445	360
517	454
204	583
565	315
238	372
301	294
18	408
478	180
151	588
484	586
313	56
231	57
120	282
327	364
385	84
452	48
406	306
363	536
121	302
428	253
199	378
16	470
23	298
593	282
569	283
465	439
547	268
300	13
383	255
434	125
160	364
588	567
11	243
568	149
499	99
184	410
268	236
412	389
505	445
544	128
202	147
264	80
525	128
103	80
300	371
487	422
495	73
475	306
80	247
249	367
341	435
75	303
307	471
12	127
77	536
472	572
540	249
172	336
320	167
236	429
333	65
507	477
393	359
61	548
337	443
329	42
260	504
466	537
543	381
420	407
103	294
252	392
541	448
409	388
75	71
310	536
173	78
249	572
107	393
53	392
35	298
52	236
187	335
425	250
372	581
465	594
26	3
529	354
255	525
419	408
0	546
554	246
216	525
541	520
144	45
265	172
256	265
166	255
134	444
115	288
229	72
558	475
538	506
100	165
472	498
94	39
267	286
124	193
513	234
436	500
573	534
219	459
237	547
316	87
523	259
374	462
160	36
463	224
68	321
471	461
131	158
479	534
105	277
368	566
38	546
152	53
477	63
456	442
542	541
289	313
443	40
316	280
8	461
496	66
163	250
94	551
483	146
585	457
374	165
122	218
130	464
479	87
316	285
451	83
519	530
521	425
253	406
386	83
585	414
374	0
372	275
159	477
494	292
185	27
589	384
429	568
393	80
229	245
72	517
90	556
237	206
25	339
546	275
4	137
303	371
84	308
235	406
404	397
79	160
225	89
338	179
446	12
391	191
244	596
107	121
335	199
546	502
107	434
353	410
421	248
598	345
230	323
435	40
418	114
378	337
511	158
90	314
553	466
432	297
314	311
153	270
175	218
363	237
117	155
380	414
506	155
466	43
281	0
369	493
573	399
283	483
470	304
41	385
562	463
312	489
482	92
479	424
461	192
396	591
283	250
511	204
423	573
271	149
136	416
520	281
65	147
277	147
579	264
10	19
372	589
227	67
169	461
368	107
255	117
218	89
175	194
311	9
392	309
185	132
15	7
548	288
241	519
550	100
561	85
522	326
340	138
517	3
386	518
481	427
127	294
503	238
175	416
335	255
537	4
268	563
562	297
139	414
26	96
169	323
68	97
92	45
534	73
18	22
121	53
438	11
330	453
561	115
543	471
492	195
77	87
228	231
6	297
358	70
336	595
106	202
376	409
133	363
590	374
94	440
306	475
426	473
356	256
362	131
161	237
18	345
505	75
301	595
142	187
580	318
591	499
149	16
594	161
24	182
32	205
389	316
505	159
369	103
65	434
536	539
523	532
44	373
97	490
243	300
86	205
567	472
18	299
366	591
373	316
570	56
471	194
483	406
43	531
352	35
260	127
445	206
592	96
126	370
417	186
370	29
234	225
355	82
159	513
177	195
45	79
390	294
576	546
452	546
499	100
275	287
34	291
439	32
468	294
533	486
101	478
70	106
447	100
525	150
448	217
202	512
478	405
161	308
431	311
109	221
190	22
517	88
303	338
280	270
4	338
581	116
488	587
100	456
392	297
552	193
466	165
125	179
525	267
246	286
296	151
496	307
71	388
307	515
511	248
54	19
595	319
577	111
335	387
118	338
153	373
241	151
104	27
303	80
101	37
426	336
70	437
386	183
33	531
72	66
182	466
396	228
517	371
22	221
118	571
505	508
311	420
107	404
360	277
362	585
34	311
153	502
150	261
447	381
251	78
361	10
487	211
253	180
534	535
55	272
569	312
97	459
341	281
539	68
180	465
595	253
593	52
222	340
445	43
140	562
134	530
481	158
359	239
575	71
507	162
73	125
459	549
443	459
311	505
341	243
497	234
526	429
525	272
317	278
36	260
483	153
48	243
229	108
26	354
61	34
519	118
183	512
409	206
529	350
570	8
468	181
571	68
192	311
282	497
203	383
594	258
377	334
508	525
424	79
476	520
571	136
350	16
374	165
295	559
417	483
568	561
445	557
397	451
579	351
500	449
60	109
433	579
475	494
455	547
79	203
168	285
516	310
325	307
145	368
137	420
493	99
543	529
179	577
397	476
36	271
424	525
19	98
230	2
83	148
315	514
237	155
459	398
86	567
111	404
373	45
130	362
403	428
115	35
394	107
213	1
248	142
169	392
229	27
589	427
383	501
582	493
183	156
161	125
76	359
424	55
302	424
456	283
221	554
486	557
560	577
26	184
417	541
99	183
13	493
394	2
321	444
27	17
592	307
350	288
370	91
556	407
327	300
45	37
313	55
198	137
214	325
255	316
68	594
91	598
584	498
385	539
415	142
439	482
21	234
230	130
244	54
48	361
92	111
358	475
265	538
246	75
250	180
506	481
254	497
540	448
41	479
461	203
596	438
445	267
514	574
348	503
422	69
279	577
330	203
318	393
459	492
563	104
64	138
397	483
97	252
74	546
301	224
451	460
395	272
449	521
90	131
533	396
196	563
69	410
469	286
235	227
417	187
527	460
228	411
365	79
123	466
305	392
439	200
423	460
338	161
423	496
538	61
213	475
498	340
279	105
584	2
247	38
145	531
376	411
136	347
518	175
70	84
294	525
164	405
300	478
308	372
244	363
269	176
472	18
252	341
536	570
71	4
375	516
254	142
290	536
67	390
332	313
64	192
284	430
583	386
224	486
140	429
435	511
591	536
129	252
358	97
308	400
248	136
495	227
395	19
87	552
503	384
434	376
404	370
159	591
557	178
69	240
480	369
368	296
565	248
158	156
4	221
439	504
588	474
507	590
422	299
597	327
448	108
597	408
301	437
388	19
465	163
560	345
211	156
159	162
83	566
33	249
195	52
342	94
241	222
494	393
178	180
479	520
91	360
313	317
65	229
62	311
232	199
85	139
505	456
333	504
508	492
598	84
373	74
164	53
315	64
61	592
75	26
434	40
483	118
314	555
11	351
385	335
134	371
551	140
293	235
317	574
13	328
299	458
295	444
389	530
309	180
516	479
405	376
48	178
270	547
387	103
214	398
561	158
62	308
572	127
157	297
459	169
457	268
194	464
461	190
478	273
268	61
439	211
172	50
191	475
253	140
537	291
512	478
123	489
101	564
558	232
388	397
44	157
29	117
505	440
451	426
233	557
12	489
489	142
332	109
442	599
334	251
593	13
284	388
218	20
494	536
402	467
374	507
107	430
572	487
146	32
390	446
564	475
591	66
151	174
384	100
558	305
109	269
444	512
574	491
226	178
45	236
275	149
599	552
348	463
467	246
433	155
48	550
475	391
204	310
262	454
182	203
102	471
173	70
249	240
202	464
495	128
327	291
367	520
563	591
124	445
110	486
28	502
519	525
584	356
37	39
575	82
385	199
574	402
491	466
554	122
420	566
302	337
208	203
280	530
582	325
5	108
536	19
357	67
253	423
49	119
502	146
81	342
582	187
578	113
130	244
485	184
351	450
26	139
595	247
59	230
148	349
221	423
205	144
273	455
503	457
90	211
388	395
294	471
319	452
295	238
143	386
12	64
417	247
560	503
61	266
300	456
313	579
536	211
570	451
380	559
266	318
341	206
547	246
84	103
489	141
208	150
37	135
427	308
309	225
226	276
409	354
574	220
49	532
440	372
99	79
466	286
560	307
96	281
574	135
492	12
216	11
577	484
265	390
296	562
503	493
438	348
228	97
87	478
169	267
291	149
251	279
334	272
39	370
374	315
537	50
205	273
368	161
543	549
518	52
469	557
243	302
399	404
313	44
553	67
123	85
500	443
446	232
53	569
425	442
331	294
521	74
178	322
149	571
372	397
401	102
527	217
246	73
10	215
589	287
305	165
212	141
40	105
434	551
499	77
12	293
252	135
418	197
134	475
443	334
54	383
85	358
578	339
10	201
74	291
68	374
570	474
440	367
489	316
8	598
420	473
259	151
284	289
287	94
382	520
359	533
225	240
159	441
90	269
452	434
131	81
161	165
330	213
347	312
437	208
134	458
84	495
345	404
231	385
93	64
166	350
339	524
391	436
259	467
530	117
88	49
321	96
520	56
347	354
66	172
144	113
400	439
62	445
276	385
225	235
31	184
474	168
588	160
94	190
36	520
175	22
98	225
456	514
486	259
370	309
239	253
92	362
193	553
351	158
583	570
279	259
482	194
213	585
575	69
9	35
358	132
301	476
150	86
581	316
159	570
419	195
520	329
63	56
350	323
499	14
526	441
428	324
337	379
484	103
390	117
589	535
206	282
376	435
121	381
84	9
86	40
538	222
135	276
244	94
82	59
94	329
364	165
212	155
65	157
91	525
63	343
253	189
440	360
580	223
565	82
199	254
15	75
370	308
113	41
503	257
522	76
467	299
199	343
172	515
397	133
534	552
332	60
301	50
471	81
300	221
311	128
332	575
175	565
432	96
259	300
565	221
90	409
31	257
402	125
303	353
210	302
153	266
282	82
49	490
503	176
229	391
356	523
430	583
146	147
224	566
551	210
81	558
349	344
350	374
169	491
281	161
516	166
87	441
78	37
214	392
174	346
147	107
286	543
513	196
139	593
502	202
467	22
167	223
559	331
444	317
536	340
326	14
198	48
301	200
515	71
430	481
565	220
266	12
411	201
442	231
55	260
53	440
177	508
36	132
133	167
565	12
347	516
299	517
468	471
15	482
372	415
576	72
123	536
493	166
509	141
539	287
177	358
355	173
207	49
426	123
442	512
516	543
574	279
491	330
219	57
553	77
79	438
5	235
537	179
361	437
129	374
554	238
542	348
202	547
464	176
256	510
460	170
246	576
285	410
522	344
175	240
310	557
486	354
371	291
534	33
538	342
84	240
467	32
449	49
126	416
151	590
455	402
68	209
279	380
116	65
21	452
467	97
515	180
343	223
85	239
227	558
140	403
313	184
113	507
167	371
365	71
386	310
221	202
208	201
571	32
247	511
31	354
139	433
380	384
237	351
367	41
127	61
179	418
107	185
176	377
443	413
129	532
492	221
60	243
572	286
93	151
482	72
452	365
380	554
333	59
291	145
294	102
284	244
58	358
64	439
300	30
170	242
384	283
168	494
3	153
403	11
18	469
561	441
240	18
498	137
42	371
463	598
324	250
494	462
518	411
226	599
537	24
552	168
204	305
428	253
195	519
386	558
159	550
56	413
296	341
496	106
382	235
260	444
127	64
282	46
267	413
519	60
244	129
96	121
305	488
347	311
578	282
396	217
309	582
195	576
135	353
227	368
30	559
6	495
3	469
572	538
13	112
122	411
480	453
414	418
117	526
449	15
131	22
38	338
315	201
343	79
457	35
566	209
54	452
473	578
75	436
591	84
328	441
127	31
546	193
303	520
298	166
394	250
58	518
587	91
355	76
486	461
179	303
526	192
130	260
561	81
251	442
375	105
271	10
193	493
172	9
71	597
461	484
402	298
340	215
328	569
539	98
77	447
519	168
342	160
317	557
401	481
351	123
529	213
47	105
38	23
12	49
561	270
42	596
45	182
76	165
544	560
156	519
457	304
411	443
395	55
149	401
47	533
443	323
161	308
12	409
465	364
165	332
218	214
125	59
439	224
94	299
0	244
69	191
260	437
347	596
313	343
524	486
438	193
108	293
514	322
465	582
374	333
564	527
333	547
513	331
500	12
390	206
35	273
185	214
347	65
257	390
442	485
374	264
122	514
245	301
529	395
444	20
289	1
596	62
246	216
404	322
464	446
65	378
486	59
419	384
451	400
187	118
365	326
49	265
271	347
235	177
537	43
567	8
286	313
89	252
195	121
552	283
135	315
50	202
533	118
16	490
70	319
437	31
436	140
535	142
178	345
264	363
103	262
599	556
241	315
567	166
229	353
457	162
53	159
557	299
11	557
332	262
522	457
401	270
99	380
222	60
133	311
482	112
542	175
592	238
398	338
131	31
499	501
373	179
222	165
119	168
212	518
371	290
473	178
341	215
39	33
264	349
85	186
244	587
323	508
133	57
241	235
216	405
414	426
190	122
230	17
83	310
101	211
24	113
169	47
540	406
460	145
449	215
198	405
355	265
321	567
579	361
542	273
162	233
565	562
257	124
361	200
565	297
42	274
576	343
4	380
434	142
389	423
447	517
412	324
2	374
237	541
591	594
113	569
165	386
306	378
394	339
459	165
305	261
326	93
103	416
552	251
348	524
479	286
52	532
67	572
13	149
170	410
194	488
326	454
46	138
65	518
37	125
281	68
268	549
550	177
393	369
351	531
445	443
453	492
61	510
192	280
584	227
269	219
371	288
449	556
336	158
175	554
589	5
597	546
409	430
181	474
49	148
279	517
425	312
180	379
382	160
285	20
216	484
114	210
301	285
398	80
95	41
399	466
464	239
492	82
228	571
536	292
237	31
347	15
492	543
479	169
139	567
167	533
479	347
148	28
331	418
489	397
400	280
110	130
544	135
459	345
354	370
146	379
495	253
118	100
235	108
147	432
271	582
339	167
220	421
31	388
314	389
479	176
46	143
48	589
370	210
172	530
46	4
576	435
140	522
518	425
57	506
83	341
95	177
35	292
160	294
240	544
518	434
50	92
29	258
72	441
153	250
44	521
76	344
45	151
391	362
502	121
562	213
12	356
583	356
460	499
545	81
51	187
346	27
263	109
449	260
571	81
507	101
184	51
208	416
190	525
398	578
418	289
275	83
177	193
155	403
459	493
514	11
155	144
339	333
435	344
479	25
44	488
370	430
234	531
519	97
382	295
67	44
126	276
287	382
431	568
583	427
258	0
135	520
564	501
534	237
568	416
66	295
439	211
283	257
432	30
444	446
138	355
499	494
62	15
42	179
425	141
254	430
55	504
405	347
4	532
444	134
147	66
398	256
474	190
113	258
84	87
299	324
382	203
450	499
270	220
360	13
508	267
405	562
380	39
215	25
540	346
316	276
561	57
288	481
510	182
330	597
20	147
136	359
509	52
508	471
17	314
182	273
44	256
408	210
559	140
537	117
483	491
497	155
116	561
547	173
410	517
480	207
202	149
576	170
139	378
220	86
221	58
119	3
52	182
171	570
475	216
215	261
154	227
174	319
242	15
307	17
183	223
368	74
76	89
206	219
333	129
351	500
477	58
119	414
440	67
369	598
347	249
238	403
152	366
384	492
285	310
132	185
348	314
422	12
117	268
135	259
391	389
153	334
533	494
275	327
461	9
207	515
181	371
361	195
191	368
91	375
187	315
451	344
298	561
86	280
176	185
141	209
508	426
142	582
74	281
422	18
191	261
377	259
340	0
52	274
243	253
178	530
110	569
547	475
152	112
179	314
171	44
182	471
288	460
137	154
502	103
108	306
313	339
299	60
163	167
212	60
545	121
371	475
252	260
592	150
360	202
490	526
457	434
53	433
233	271
343	45
318	156
561	180
192	15
1	529
568	41
540	29
68	455
360	245
584	537
183	4
30	77
239	177
126	599
351	213
96	158
404	227
462	110
530	316
23	29
190	518
278	364
536	112
193	509
214	364
301	180
555	122
327	523
414	181
261	573
495	525
147	63
300	376
498	478
18	253
571	257
199	303
281	564
204	378
452	37
152	37
249	527
288	180
327	41
43	456
276	203
281	405
94	60
67	121
398	322
501	36
215	535
392	104
181	532
477	566
424	461
572	506
287	368
394	181
353	219
129	277
118	378
529	155
356	202
444	24
143	413
520	85
512	138
189	478
126	88
510	417
409	375
76	265
298	411
166	578
65	37
469	272
583	128
388	81
138	157
572	579
551	548
21	523
145	24
33	467
319	101
387	223
388	440
189	253
240	531
175	102
140	83
387	165
275	192
580	267
492	345
543	405
587	554
226	123
143	267
346	501
422	550
489	492
261	468
459	98
124	212
353	247
230	145
215	369
454	311
24	95
45	394
465	402
552	595
427	336
197	577
178	319
566	39
82	491
447	343
578	580
138	243
384	527
226	323
460	6
140	128
577	127
353	164
78	382
272	556
34	168
184	348
382	589
235	261
132	128
535	525
213	223
22	571
185	554
373	253
151	362
305	408
573	255
133	163
73	149
64	169
45	292
92	529
193	443
289	443
155	233
400	554
457	423
212	56
439	261
250	362
148	392
305	354
367	316
4	371
327	484
125	148
48	315
556	148
25	214
61	374
369	336
143	489
362	177
336	327
367	148
22	80
87	516
72	42
579	354
523	255
436	565
41	596
421	119
148	545
568	544
449	585
588	154
463	576
428	192
494	300
59	363
412	289
252	314
546	117
398	461
278	53
59	270
338	10
450	277
513	108
227	287
226	169
592	162
325	161
59	384
530	345
545	53
225	67
198	222
243	246
531	368
160	383
266	250
290	36
98	321
23	25
485	230
204	217
303	285
212	202
546	533
248	309
60	311
168	128
98	69
432	74
158	208
110	131
547	181
279	101
97	46
473	331
212	169
155	133
295	15
249	549
326	51
452	529
113	540
310	413
508	201
547	116
499	424
339	563
515	52
451	2
524	65
44	24
114	444
35	106
147	347
191	327
83	166
442	339
99	465
70	366
448	184
1	121
271	518
363	412
86	361
284	366
174	549
315	26
164	235
337	427
135	198
219	252
500	131
38	326
510	298
373	55
241	453
598	187
405	372
140	402
391	418
245	182
51	175
122	519
222	467
471	164
216	100
537	592
159	228
356	583
590	219
431	596
388	12
383	553
17	270
183	473
76	593
257	437
207	187
247	65
44	511
274	354
1	104
204	303
310	255
401	201
591	495
15	369
45	481
382	468
584	313
546	413
367	316
270	231
263	140
419	357
481	122
479	97
374	231
152	517
430	23
23	361
278	483
233	321
64	81
512	74
60	337
1	490
277	294
23	305
598	504
277	55
11	554
320	332
387	277
530	166
171	464
3	186
519	2
234	474
9	526
162	183
219	65
200	275
209	60
424	30
8	432
575	99
108	306
530	271
581	197
454	133
552	303
321	496
132	401
278	70
3	54
574	30
329	55
113	390
305	384
109	267
506	107
197	517
304	319
154	86
543	580
423	208
259	54
126	16
339	444
8	371
299	60
434	179
593	12
435	469
15	295
233	347
599	291
548	241
293	323
362	430
557	318
586	321
502	331
132	493
239	326
365	83
69	516
488	43
582	375
264	118
216	494
578	10
411	165
143	235
501	316
544	19
516	182
282	422
174	104
120	404
204	292
552	555
373	498
422	305
87	138
364	323
32	416
595	517
370	364
131	31
221	428
166	391
535	145
427	433
495	99
311	488
215	298
422	543
559	402
174	65
309	18
340	409
378	561
24	327
569	445
444	160
65	353
594	257
490	203
291	567
588	287
91	309
434	195
378	243
78	561
150	336
262	2
292	213
44	413
333	237
203	68
461	316
173	46
471	234
329	343
187	4
386	113
170	400
43	300
201	443
479	305
329	497
421	535
487	25
432	320
142	42
4	396
346	237
180	416
240	496
193	522
474	476
85	163
382	581
254	497
582	451
486	568
66	425
230	597
569	281
75	519
263	562
305	10
352	240
12	241
155	367
189	175
586	91
81	74
221	406
598	13
86	39
230	41
47	459
574	551
175	51
537	20
388	586
189	450
467	377
527	279
363	42
105	99
535	373
378	531
378	553
327	533
468	99
85	376
331	156
216	258
285	26
117	589
73	230
116	415
286	165
25	100
171	301
474	410
326	69
347	257
240	18
349	589
117	490
597	473
33	383
88	298
542	466
196	485
578	560
298	238
222	462
336	318
161	260
507	64
274	585
281	40
69	212
324	32
468	74
171	537
327	224
595	194
599	86
490	104
516	286
356	123
574	128
230	88
16	236
240	280
96	244
544	52
179	75
433	339
22	101
555	450
504	564
99	23
283	60
99	10
129	276
37	361
451	497
248	102
444	497
501	151
60	305
404	562
232	420
583	386
591	544
368	474
72	510
582	261
295	454
91	192
110	421
209	549
264	156
186	157
281	14
591	416
425	61
424	324
207	58
67	328
362	567
496	564
59	83
392	359
566	377
205	252
271	93
53	386
490	485
440	119
226	63
385	520
75	477
90	584
364	105
551	578
267	502
557	460
293	526
307	322
453	434
198	556
17	233
3	246
284	447
278	314
109	273
335	235
247	11
332	232
98	6
441	444
440	353
356	54
113	267
589	202
151	563
562	339
574	548
385	91
203	152
503	296
445	119
206	421
513	476
338	554
583	60
516	473
18	12
104	215
125	583
209	506
177	337
333	557
459	434
307	341
226	594
504	567
462	173
465	241
588	52
322	9
94	344
525	54
575	411
15	145
204	45
452	359
230	271
522	246
277	304
419	529
438	546
45	106
28	88
300	76
541	119
471	50
595	53
23	270
379	218
75	210
554	306
249	133
531	563
439	227
22	490
439	187
507	508
385	14
547	139
483	289
15	240
148	151
426	584
118	7
585	380
145	381
92	497
292	447
572	552
582	526
243	58
507	407
580	204
50	405
591	67
27	333
223	573
478	398
71	364
438	123
494	367
237	198
92	510
473	402
52	514
124	181
401	550
393	408
277	558
578	413
21	3
23	268
480	536
144	337
238	421
484	70
77	493
594	273
79	6
452	65
479	124
220	562
522	418
127	323
587	206
158	216
431	64
35	569
367	47
408	262
539	208
235	469
115	252
390	234
401	12
506	434
555	308
108	243
124	409
368	171
218	24
306	196
186	269
475	89
303	52
192	184
498	168
591	444
563	534
3	222
110	357
350	31
17	140
518	524
466	231
0	518
565	416
385	92
138	534
364	416
317	109
389	100
23	193
132	567
418	200
510	479
434	580
293	444
175	161
543	343
327	369
76	229
64	553
352	268
267	184
1	585
292	388
531	388
486	576
503	289
428	78
114	339
98	301
570	558
297	431
267	81
417	186
527	535
225	577
444	585
474	390
198	137
169	270
46	213
323	137
459	407
284	236
493	557
184	149
153	9
346	586
237	511
450	23
333	406
481	450
358	341
585	380
136	428
256	191
49	508
387	383
300	52
214	422
521	489
497	135
486	233
367	350
315	356
64	427
554	103
142	121
477	462
357	567
530	29
252	363
394	92
32	38
15	269
327	64
19	171
561	416
5	257
315	143
303	403
342	290
555	349
60	3
251	255
307	67
64	201
433	38
211	537
351	218
399	318
171	53
439	240
125	243
331	14
387	345
310	307
592	313
363	565
31	434
206	116
69	307
343	332
452	59
432	31
228	512
456	210
61	491
88	546
207	580
99	11
202	408
595	221
121	571
70	467
121	187
512	401
448	547
505	553
193	560
127	58
308	124
398	526
249	4
540	175
589	384
298	269
533	15
300	94
415	517
153	43
481	490
501	554
553	191
404	245
187	328
562	295
425	448
142	206
508	382
597	210
97	147
162	312
79	404
395	11
517	322
135	144
337	187
323	52
498	292
212	588
591	238
270	528
360	35
467	334
146	387
496	327
41	135
377	327
149	73
221	398
407	166
492	86
253	145
532	281
257	262
371	65
592	103
55	475
590	366
289	145
174	472
41	562
487	458
410	384
123	51
318	413
49	518
580	91
498	266
21	215
40	23
135	577
387	472
449	331
565	327
221	307
13	337
139	7
81	584
282	420
36	119
265	555
303	501
196	561
451	505
34	465
157	22
355	232
115	451
399	316
59	498
90	354
442	186
139	347
25	20
460	426
196	567
524	172
341	360
39	308
85	105
271	299
355	316
596	305
125	341
511	170
410	474
388	320
426	167
78	16
533	250
124	212
408	176
89	309
7	106
241	226
436	79
375	585
461	431
356	537
52	42
235	58
296	371
391	177
520	324
501	276
344	95
222	510
388	430
53	576
585	319
487	397
539	256
528	272
73	259
17	339
581	198
439	350
111	506
0	107
273	77
279	354
277	62
447	70
531	92
163	563
167	332
516	298
415	526
196	490
226	491
351	93
291	588
281	172
421	458
50	168
512	261
566	78
338	123
442	238
378	472
401	392
69	156
524	196
307	54
400	213
595	427
32	344
275	554
427	199
516	55
345	444
538	394
368	348
250	443
187	19
388	405
1	405
263	4
19	448
491	292
351	564
378	47
250	67
576	163
355	291
42	198
426	485
243	110
159	113
169	578
558	128
85	166
544	317
577	551
302	25
357	348
86	3
370	20
88	96
527	554
10	220
586	98
328	37
486	111
183	391
146	218
376	234
139	361
490	149
352	130
184	597
330	322
330	150
303	118
519	436
196	293
103	526
527	216
359	368
247	143
94	84
187	562
20	189
63	384
379	447
134	487
237	94
329	385
53	537
93	264
473	554
354	534
53	390
15	203
243	156
395	587
542	443
503	227
231	524
584	408
534	121
32	413
242	584
179	527
267	401
191	510
52	432
453	58
111	54
437	455
97	314
70	23
116	376
458	595
483	76
231	358
224	557
26	117
193	169
335	511
258	200
555	165
100	7
2	461
258	332
533	57
420	257
531	167
332	599
320	45
38	49
371	540
125	73
265	502
328	586
255	20
396	580
60	424
323	22
229	11
58	267
35	93
48	419
135	63
178	549
45	574
387	54
486	471
241	336
383	121
91	258
183	139
398	352
78	91
407	223
17	128
91	503
10	101
513	149
309	315
449	412
269	537
151	16
196	515
447	510
257	380
380	571
140	9
524	280
517	307
475	143
243	504
496	140
144	439
476	83
321	423
142	42
476	499
228	418
354	451
5	296
420	234
49	106
49	424
305	424
269	108
323	513
46	519
246	327
288	311
228	88
585	550
53	482
494	47
408	42
147	325
525	120
18	424
102	19
499	5
363	101
506	312
260	90
175	281
233	450
382	272
326	169
6	246
354	56
447	449
23	233
196	268
148	484
89	545
573	49
334	252
572	585
345	269
385	462
585	473
109	259
590	470
484	409
39	353
249	8
539	62
115	566
209	139
213	567
315	130
292	577
357	441
593	194
156	591
502	432
209	525
85	373
340	318
404	446
557	181
5	374
454	186
98	283
269	8
62	517
502	94
430	582
396	535
22	11
208	193
128	269
370	423
599	348
540	331
9	209
495	588
307	110
181	551
327	381
141	445
209	210
44	497
239	141
121	356
446	520
537	175
393	185
233	524
541	468
146	562
272	369
359	347
31	13
242	355
575	432
404	207
563	410
3	536
156	354
101	491
463	469
595	518
479	343
281	40
436	178
106	246
140	544
193	574
13	542
274	298
52	279
406	122
168	169
174	574
72	489
446	191
563	558
195	593
454	436
295	264
431	160
417	147
257	91
586	529
560	181
193	158
140	495
201	186
323	396
416	79
503	397
320	302
279	424
331	461
480	580
559	246
532	252
329	262
283	285
213	184
326	494
164	398
19	547
182	403
545	62
583	224
125	539
286	498
294	445
232	228
147	250
292	295
421	49
343	114
215	571
487	511
425	445
405	595
507	32
332	169
407	27
150	469
119	390
597	160
558	491
494	445
450	27
394	78
79	3
47	332
143	57
180	193
45	286
153	283
498	306
404	224
190	599
336	241
472	499
376	4
177	509
210	202
458	323
494	553
54	454
77	335
418	315
151	404
288	70
61	298
3	597
261	540
317	462
59	144
236	30
284	26
60	119
510	575
374	581
20	435
453	14
198	79
305	500
517	250
4	384
43	91
98	268
505	568
551	596
594	134
8	562
261	150
75	182
512	520
586	54
111	367
218	367
132	209
242	456
305	1
391	256
177	298
68	92
116	330
479	502
81	552
207	412
85	84
569	116
274	258
306	394
516	163
239	246
572	136
40	93
415	211
195	530
577	212
116	344
83	76
50	391
404	434
213	176
547	184
67	215
466	73
555	532
286	241
121	558
195	577
431	413
5	437
540	458
297	388
158	349
33	564
300	498
79	479
174	530
57	469
198	1
434	288
527	225
282	14
547	387
339	327
468	589
580	267
392	428
395	382
295	599
411	228
64	37
350	443
463	61
171	113
571	256
536	259
421	229
291	590
323	505
10	102
409	560
170	57
81	493
69	567
114	217
13	457
268	116
85	339
491	317
126	310
193	175
430	446
222	235
214	533
75	52
26	83
429	563
459	163
68	295
17	507
211	560
450	71
282	193
464	114
454	208
566	386
403	291
18	6
264	456
102	599
592	232
209	257
473	250
539	61
421	32
213	580
102	104
534	194
151	409
331	180
53	392
278	31
324	582
7	111
310	407
456	224
206	162
209	117
275	424
316	163
224	579
564	480
504	412
406	278
550	137
594	30
555	521
99	466
321	6
256	428
524	142
303	132
464	357
120	18
518	314
21	440
416	596
569	171
555	249
438	198
69	68
73	99
196	265
192	255
526	445
75	337
399	23
456	503
468	460
33	588
422	132
440	418
538	183
218	136
342	27
81	408
446	30
500	560
100	234
321	530
70	345
467	114
305	262
558	212
564	206
327	384
463	305
497	195
378	153
498	515
282	190
260	591
462	419
279	72
456	96
348	151
495	29
100	437
96	304
278	113
29	572
416	265
206	142
389	25
468	108
573	585
317	229
162	326
225	415
190	359
507	89
338	570
299	301
74	259
496	489
20	416
299	235
199	204
462	327
440	214
531	6
391	597
138	348
40	282
338	86
293	442
345	559
393	399
519	486
440	178
132	157
91	191
33	551
247	372
316	295
429	63
277	546
556	388
189	305
537	144
399	101
193	149
415	422
517	425
270	298
108	541
552	447
135	520
100	429
230	558
130	499
224	496
396	212
511	201
507	437
42	250
522	31
596	378
583	291
386	406
542	39
409	57
592	251
165	344
160	152
575	509
22	582
246	181
261	456
366	488
119	191
110	573
360	327
123	47
111	314
138	552
209	399
75	57
528	31
433	75
145	284
286	261
403	462
339	458
419	83
572	478
349	169
474	13
525	531
283	336
43	143
364	421
364	112
582	153
173	37
22	317
435	213
415	587
494	317
418	507
196	279
525	390
217	520
298	230
140	343
22	568
245	5
538	327
347	477
478	438
50	346
97	522
473	487
421	282
26	423
272	348
482	194
445	165
256	376
337	484
67	445
561	339
115	265
424	203
250	35
495	436
388	137
261	30
72	447
518	70
339	417
144	104
394	343
24	518
365	12
259	570
308	26
401	582
593	223
323	5
28	396
501	109
165	207
135	244
276	431
109	556
333	279
535	357
360	250
579	317
580	153
29	166
115	363
504	324
177	18
327	113
430	446
324	599
43	552
186	362
457	197
62	584
501	461
48	221
127	543
456	575
538	459
427	514
302	443
260	537
577	367
39	235
388	291
217	478
337	335
371	314
203	356
125	340
430	134
384	413
453	26
420	599
402	205
352	476
200	102
367	434
228	41
279	519
154	225
598	381
476	273
453	82
461	64
238	382
84	335
378	458
308	127
347	34
240	444
168	110
348	456
207	395
470	309
164	241
35	291
488	16
23	490
197	260
412	549
6	498
35	507
123	134
169	59
209	451
344	307
304	29
263	485
519	199
588	287
578	308
157	573
515	132
350	358
375	445
52	127
559	35
304	71
486	142
328	161
2	558
519	439
516	134
132	538
338	330
145	515
308	326
554	124
307	276
245	200
229	489
553	107
150	221
382	175
528	526
28	301
283	456
416	180
215	323
201	553
526	200
305	260
271	361
479	314
277	109
321	180
246	4
30	444
535	461
161	271
205	282
26	315
422	68
119	366
230	73
376	120
350	334
32	63
566	170
559	397
371	2
197	456
444	242
248	13
158	54
350	338
304	517
78	447
40	23
41	232
44	403
238	18
269	24
379	79
14	438
32	256
178	63
101	414
67	479
371	252
255	101
504	309
597	357
452	229
558	452
113	351
294	159
95	275
33	496
509	129
354	559
76	295
239	265
477	26
456	479
203	420
119	381
83	259
313	37
416	218
466	335
587	350
455	576
351	207
157	205
298	401
559	242
72	262
468	115
10	226
599	293
532	450
232	370
123	593
216	96
149	265
218	437
187	370
196	169
393	187
165	280
135	98
336	11
416	585
391	97
431	119
379	207
257	56
7	425
93	99
13	68
480	398
232	306
214	367
449	496
11	593
444	599
135	241
98	269
447	437
266	520
512	368
457	167
367	12
353	253
452	36
125	3
501	285
394	88
103	233
512	391
247	71
528	78
158	474
481	470
187	476
203	108
10	479
180	3
210	385
96	515
460	513
19	506
104	2
586	549
282	83
136	548
329	448
596	463
152	176
64	545
598	380
140	256
384	553
241	429
510	194
114	94
426	38
476	597
292	193
486	205
499	241
3	41
535	552
172	417
530	200
363	225
45	408
35	48
430	170
11	250
166	430
241	410
257	38
99	184
471	39
432	467
23	257
413	115
339	267
124	389
183	158
351	404
75	444
106	520
232	29
367	390
319	286
290	148
261	190
165	119
315	94
214	291
81	509
523	558
435	69
512	233
531	206
256	516
118	36
87	429
315	591
448	557
477	263
218	231
482	450
325	406
501	252
195	242
22	202
17	542
200	435
356	265
507	115
497	303
424	356
85	251
386	364
507	571
380	182
388	208
445	181
184	297
320	340
162	571
200	491
98	599
529	183
116	456
570	545
446	223
198	497
551	541
273	399
387	300
8	309
363	578
393	516
89	243
530	410
569	394
557	397
355	165
513	31
76	434
308	550
268	473
516	158
411	87
245	261
597	555
28	410
549	586
226	475
245	378
349	378
267	92
208	524
551	107
331	446
281	156
125	380
599	65
29	63
44	526
521	537
108	118
557	248
556	570
77	149
383	104
566	265
275	109
174	219
195	511
548	16
509	185
570	279
130	507
263	552
278	69
337	256
557	152
127	227
526	153
93	439
12	571
193	321
327	472
130	335
114	427
368	241
381	453
574	484
162	299
132	77
341	424
481	286
508	52
398	504
478	192
310	125
32	349
9	520
114	313
240	316
176	245
138	166
573	325
413	143
250	484
577	562
220	324
294	111
276	151
461	177
360	46
332	194
102	347
571	113
80	156
324	365
571	151
376	225
585	140
164	52
199	148
258	3
577	236
331	422
377	486
530	20
215	20
92	555
50	25
12	320
357	70
587	119
469	198
276	32
206	7
373	70
84	589
306	109
527	389
340	496
457	27
143	156
225	144
481	180
282	507
101	385
589	211
592	38
498	166
507	286
278	425
198	434
310	581
494	19
362	26
526	184
13	27
585	117
553	77
95	184
159	173
85	545
76	501
255	397
407	139
481	399
30	575
443	564
25	262
570	201
406	279
539	291
563	274
579	347
547	592
66	572
503	67
103	186
478	99
364	561
535	465
257	23
491	564
6	359
496	5
250	291
151	369
25	13
223	372
3	2
339	444
559	291
358	481
534	210
503	438
444	238
175	380
280	426
263	452
445	544
495	431
322	117
273	276
556	209
52	468
307	166
157	254
281	323
127	194
503	124
355	84
74	231
91	71
346	173
456	132
92	202
115	430
69	252
336	26
94	596
7	408
176	596
13	536
77	110
471	156
582	148
150	25
450	25
22	416
499	66
560	183
589	107
528	47
152	490
80	473
525	266
51	90
534	511
39	457
493	104
225	361
102	310
172	151
177	199
452	130
415	367
69	193
70	588
257	477
503	389
390	269
93	175
189	304
440	219
599	347
159	54
594	470
196	182
473	293
130	46
562	112
9	199
129	535
218	548
490	294
182	560
292	145
352	270
48	356
539	436
465	274
94	220
437	472
517	328
369	284
49	306
300	551
231	278
506	285
261	525
576	525
153	63
239	577
460	115
529	588
539	494
249	82
391	462
111	449
274	481
281	90
210	7
21	420
443	217
426	517
52	36
31	494
51	374
35	362
444	428
308	522
252	285
259	400
53	127
188	126
410	420
467	347
330	472
258	529
65	554
263	214
338	28
498	548
505	505
228	287
28	347
572	515
458	206
11	96
484	196
575	83
88	357
268	242
92	290
214	579
79	175
476	249
347	163
526	332
167	229
447	389
233	212
285	531
128	531
317	244
216	576
124	428
111	504
72	539
548	448
526	14
527	42
252	220
491	194
326	323
304	516
166	71
486	101
388	14
140	282
13	595
94	464
240	356
212	393
500	130
567	264
405	70
78	417
445	170
167	200
511	107
74	84
454	417
247	136
452	248
136	486
336	38
192	104
15	73
179	444
10	68
335	147
248	94
152	47
370	448
218	39
116	449
71	96
516	552
56	329
299	340
160	371
584	339
453	251
124	430
439	326
280	301
59	464
426	84
385	96
351	425
520	20
2	521
436	484
90	391
494	190
458	480
474	213
562	110
390	246
403	86
238	162
48	368
476	561
288	59
420	33
111	578
54	98
468	535
285	557
70	10
148	465
383	239
320	153
475	193
369	349
265	238
274	540
440	561
312	163
149	6
343	116
536	142
455	174
487	247
277	493
10	230
414	246
174	92
31	370
149	459
465	260
578	579
224	256
450	341
202	313
102	347
524	47
261	177
575	540
518	45
186	530
564	335
345	514
298	268
283	43
61	133
226	374
353	503
332	370
452	111
302	144
486	300
423	93
578	304
474	47
342	60
134	302
366	256
88	433
160	244
176	194
528	205
185	359
115	159
281	246
128	211
464	356
402	182
550	554
43	559
421	244
3	194
86	559
222	285
495	503
387	54
2	426
72	471
456	77
219	351
548	337
228	414
509	240
286	77
19	354
476	248
299	447
88	121
421	128
214	450
11	199
160	127
140	7
587	93
102	466
310	275
201	325
26	588
456	98
557	349
483	337
473	153
520	491
385	135
241	486
452	28
366	174
434	427
75	486
331	302
420	322
183	359
516	560
120	207
149	379
52	306
442	484
22	214
161	445
276	126
68	595
307	567
534	456
238	598
179	145
222	315
48	59
355	39
137	125
393	445
1	578
414	8
252	253
447	249
33	305
394	579
483	300
62	334
463	328
311	147
159	510
6	146
301	231
277	142
19	272
40	98
319	449
423	395
141	506
440	105
396	42
281	74
250	422
171	597
59	91
234	416
341	280
241	87
375	162
290	2
255	189
531	505
307	564
588	494
168	6
61	583
150	29
365	447
573	420
581	17
512	588
83	232
143	155
378	117
266	586
518	373
225	217
525	190
554	569
569	191
26	389
18	129
308	222
9	598
303	314
440	165
297	168
84	510
98	515
484	448
27	273
4	197
101	462
266	502
430	402
161	448
95	379
124	203
361	488
458	275
461	108
47	69
290	459
44	40
177	364
357	293
429	243
96	300
263	266
150	20
597	427
481	527
314	309
21	232
481	208
555	594
331	78
184	374
48	369
13	352
290	243
112	167
109	558
167	95
554	448
156	381
355	538
36	206
1	189
2	188
89	242
233	382
405	221
414	83
254	477
300	435
87	259
32	162
533	172
229	82
491	116
554	348
346	41
455	98
278	433
143	204
579	529
399	125
46	252
85	417
184	572
260	533
573	367
491	307
331	513
397	73
222	314
531	493
176	148
565	39
318	388
65	139
469	426
434	9
163	318
105	547
179	89
169	338
176	141
68	62
402	282
379	392
287	471
435	165
424	545
459	489
516	306
362	389
283	553
485	344
248	177
294	301
498	409
0	166
300	80
159	517
151	243
181	139
329	381
494	71
111	186
181	28
62	239
95	575
167	465
485	212
33	568
392	396
217	184
405	517
148	157
520	6
485	192
228	373
249	106
0	320
464	43
430	268
174	7
309	381
551	383
238	506
42	408
115	36
268	385
563	443
93	358
99	565
544	492
255	476
475	497
173	83
103	129
146	133
121	151
462	385
183	6
59	358
574	587
531	87
64	586
103	524
403	513
412	397
388	180
415	315
411	86
329	100
208	224
270	290
587	210
528	290
497	267
272	220
290	175
596	379
376	548
156	59
442	64
159	298
126	291
251	349
309	301
545	208
255	508
366	529
496	75
213	313
483	250
98	416
466	382
322	172
336	214
7	238
181	25
120	321
97	183
92	487
220	50
559	474
553	272
77	228
587	120
107	116
416	415
325	94
306	294
42	301
548	234
219	191
202	79
307	117
289	521
209	374
509	433
24	151
225	177
255	57
409	364
260	582
44	205
300	25
262	298
302	594
569	156
53	147
379	366
484	403
522	368
140	292
316	559
416	210
548	578
210	386
262	260
238	412
492	473
156	143
385	174
379	408
554	266
225	54
373	467
391	158
257	182
241	438
21	511
507	535
261	465
479	436
486	98
556	49
259	54
168	442
168	295
589	42
420	158
282	317
563	168
8	410
265	552
293	64
147	301
478	179
344	408
36	203
37	268
473	354
549	537
341	432
15	191
385	477
417	476
148	402
523	579
99	28
142	129
275	598
380	221
331	113
481	123
149	443
326	60
99	562
38	174
374	3
170	68
513	324
31	250
316	33
127	567
253	479
125	310
176	211
274	555
535	110
564	295
437	560
262	576
477	589
27	41
104	296
444	425
34	411
585	74
206	496
380	208
56	319
129	579
144	437
17	515
95	517
294	456
81	590
257	43
146	80
311	229
430	587
242	98
257	535
68	232
245	450
318	266
313	161
182	308
270	383
95	242
69	315
98	489
220	592
371	330
136	38
270	239
581	9
352	459
256	139
522	242
541	155
200	9
404	577
0	156
391	76
150	435
142	250
541	488
419	436
391	407
26	564
149	266
80	259
546	104
437	59
105	74
483	414
168	162
174	570
556	288
406	329
44	250
39	65
337	318
354	132
586	576
148	13
415	379
180	32
500	382
154	252
357	236
539	185
320	223
321	384
301	275
551	411
522	275
170	113
540	362
324	486
400	591
90	317
72	590
292	51
369	455
509	178
536	558
328	238
357	238
370	287
192	82
311	308
479	210
597	200
41	158
349	484
261	378
360	489
412	158
173	152
134	185
80	384
184	57
343	298
498	386
86	197
591	377
426	241
566	35
171	370
517	455
466	131
445	68
394	356
72	72
275	482
191	263
425	578
536	180
187	537
557	247
223	51
192	323
539	358
106	251
487	66
147	128
374	47
51	121
572	59
591	120
377	559
96	317
586	308
157	569
529	431
104	417
67	311
222	517
87	391
16	116
215	348
63	374
287	468
172	422
122	569
133	257
51	473
556	311
313	539
145	397
412	488
576	549
468	532
197	27
578	488
404	492
437	213
565	85
566	30
284	445
504	322
239	128
366	61
208	161
129	259
2	492
369	280
529	301
8	527
82	192
374	164
2	230
583	480
138	112
25	121
31	268
106	11
584	353
446	80
48	64
509	423
564	257
211	195
527	111
114	595
280	129
306	521
309	390
296	546
369	332
108	225
520	285
132	160
364	47
134	140
368	423
131	443
241	257
367	197
293	318
197	36
91	442
80	130
378	336
564	381
366	421
346	530
133	222
210	299
535	143
579	390
12	89
566	380
199	231
297	9
240	318
303	199
496	542
580	2
365	41
382	56
349	550
176	159
472	370
224	114
94	541
592	474
343	124
530	333
329	273
596	301
244	27
226	303
210	306
219	158
250	123
412	261
403	332
345	294
542	190
578	369
356	20
490	227
486	236
450	218
44	104
276	283
69	353
188	489
309	122
417	83
396	52
1	48
443	435
234	449
506	52
493	275
149	577
428	239
149	19
148	368
546	547
262	145
182	541
584	40
325	57
337	587
425	367
121	477
514	462
102	597
26	554
3	252
206	472
195	73
448	118
43	234
249	44
382	161
21	129
578	417
471	500
503	147
171	128
480	33
314	186
162	462
488	314
369	33
81	100
202	244
314	218
219	157
525	432
423	504
532	475
141	62
278	62
264	471
159	435
106	480
257	3
313	472
305	242
35	357
364	178
542	102
337	82
96	52
464	362
317	546
279	542
375	6
366	21
352	411
104	213
299	100
594	332
224	263
352	533
230	404
267	253
82	513
591	466
550	67
400	575
517	75
92	446
219	427
523	371
282	227
596	424
503	380
90	410
114	143
283	495
284	371
544	227
291	122
8	518
561	479
352	259
235	487
333	183
157	257
418	44
187	90
197	202
250	417
147	449
20	540
76	213
339	549
169	190
245	445
290	554
445	244
76	234
58	378
40	254
553	20
182	325
262	374
72	246
376	169
187	460
386	418
472	209
509	167
106	442
147	86
343	539
174	332
249	407
151	359
599	365
339	377
460	570
280	361
353	208
501	384
486	192
327	524
75	17
199	268
261	364
505	113
317	419
264	573
594	454
349	332
406	594
327	227
278	583
564	25
547	76
541	24
462	568
511	416
49	416
478	577
480	320
364	266
318	576
463	451
595	421
537	123
483	560
521	15
410	159
551	512
260	446
324	216
561	58
527	0
45	538
428	257
358	266
336	61
78	173
264	585
217	158
142	242
384	523
565	288
19	111
340	419
270	218
550	89
306	424
555	570
4	11
47	24
163	333
344	470
443	30
501	163
182	421
465	139
42	495
231	163
374	378
288	127
526	85
488	457
446	582
134	192
346	87
482	371
516	86
265	520
151	87
427	230
384	200
430	291
509	49
395	539
46	365
302	446
487	386
36	316
47	521
37	591
27	18
40	525
276	536
182	105
511	292
134	317
251	273
384	590
101	571
453	20
399	356
219	253
375	493
407	349
107	525
179	51
459	201
391	203
143	280
435	187
111	242
291	269
73	581
27	152
573	459
74	347
149	523
171	431
48	442
173	256
206	78
141	40
421	319
458	48
369	354
582	76
107	523
276	169
16	431
332	181
546	388
492	267
541	597
257	178
367	269
259	18
18	55
70	570
190	464
532	24
519	210
112	454
566	437
438	165
19	524
399	57
80	594
400	329
297	487
1	201
320	290
155	94
477	149
163	317
570	56
123	384
460	259
424	206
229	147
246	446
343	448
535	432
379	577
314	560
96	460
296	407
127	222
314	264
42	243
255	292
173	171
226	443
132	273
79	120
28	17
558	55
503	414
48	85
351	205
335	564
515	433
106	42
423	52
565	405
469	454
247	461
330	45
469	534
468	426
556	424
279	348
244	309
191	595
247	102
111	554
553	18
200	106
538	68
469	64
230	480
35	282
454	506
574	531
536	564
375	480
65	402
514	358
162	162
347	2
40	357
80	541
189	421
346	2
77	387
277	438
339	158
559	378
265	313
13	191
166	305
273	504
194	449
456	349
110	133
464	545
574	16
462	385
472	50
525	590
102	169
419	522
294	162
541	260
100	124
179	215
189	426
454	501
156	107
182	459
314	544
384	378
54	145
437	186
556	364
6	418
554	451
458	432
213	560
546	417
162	232
116	374
472	370
531	572
331	267
16	286
132	199
490	73
595	597
528	156
439	423
463	193
380	269
8	357
147	397
529	392
239	593
35	176
355	230
267	73
370	76
170	65
326	430
127	27
274	144
589	475
91	400
559	440
441	139
415	555
251	381
542	355
64	404
317	298
450	393
546	303
309	276
55	353
478	259
285	212
398	582
542	363
566	154
591	339
84	73
364	448
307	258
61	270
553	522
142	326
241	55
77	467
25	437
508	128
119	95
351	192
580	3
367	457
202	554
13	133
546	410
258	367
430	467
51	391
413	314
338	450
380	357
423	345
562	388
429	347
68	136
561	74
383	523
30	16
213	355
180	443
158	20
87	388
119	369
299	488
232	103
380	17
288	70
524	228
595	461
222	455
131	121
400	567
212	377
589	227
217	193
64	529
21	66
397	355
428	90
129	30
488	429
210	471
55	71
456	41
313	420
315	407
447	175
222	186
583	579
337	544
52	105
141	410
58	551
313	385
344	113
305	444
222	255
334	464
550	11
120	460
103	93
479	351
508	197
242	9
283	388
430	371
345	335
256	411
426	176
6	464
599	195
592	47
56	67
460	144
273	175
111	112
34	148
415	67
69	111
333	381
220	247
520	30
339	117
52	312
193	226
170	246
388	179
369	147
322	339
474	539
260	125
233	490
349	44
207	223
440	154
349	421
55	385
323	422
512	537
518	524
90	303
87	150
29	22
96	395
47	180
266	238
403	60
91	382
69	227
531	120
504	257
53	267
416	71
538	288
363	127
32	204
425	564
154	196
21	47
186	204
156	162
178	572
443	125
567	231
533	540
230	521
177	489
473	188
154	291
210	183
112	330
440	76
315	349
455	396
584	74
226	90
253	210
500	216
54	359
435	442
474	378
454	13
47	237
221	435
529	98
223	71
530	254
241	271
436	494
226	282
170	252
556	592
53	126
324	320
89	347
59	426
455	178
53	58
542	434
510	285
403	344
12	196
55	296
376	106
143	555
286	243
95	160
348	155
528	394
360	312
265	439
17	453
65	129
152	67
490	594
71	254
25	216
495	282
298	451
40	137
305	207
153	234
179	507
191	222
531	156
538	386
8	342
435	180
67	569
514	117
255	36
549	538
457	256
66	302
295	403
317	87
149	424
269	571
426	552
224	479
433	503
103	11
348	117
317	182
34	175
241	2
561	361
594	516
143	299
562	250
290	237
347	425
592	440
470	321
560	379
483	583
7	215
371	176
271	359
545	525
386	463
463	360
492	520
148	400
534	36
355	188
111	381
399	202
173	589
74	203
241	593
541	77
401	559
290	452
559	225
541	582
566	197
257	89
532	290
414	284
147	337
56	511
586	437
580	239
553	153
275	154
490	445
297	539
66	69
359	235
142	150
132	389
387	4
474	499
334	189
325	194
354	124
383	559
399	476
206	524
295	177
398	75
245	324
91	374
143	203
95	577
458	402
274	397
428	146
584	497
572	492
492	279
165	579
258	168
578	275
401	557
444	329
95	211
383	41
599	42
379	470
30	178
45	338
92	171
181	50
509	343
379	52
503	366
147	240
70	366
183	432
114	573
44	238
194	13
468	384
538	306
306	194
128	19
557	337
525	274
219	39
510	114
519	248
66	252
262	40
158	350
579	446
516	81
202	241
251	565
457	38
383	403
58	395
297	206
13	243
177	599
386	239
247	228
133	461
426	501
274	583
504	58
488	346
355	260
186	577
189	255
40	398
522	312
252	397
68	417
360	29
340	294
133	12
84	123
383	270
586	436
556	353
158	584
403	535
500	507
433	17
365	87
542	421
480	486
198	12
478	207
236	27
315	274
529	83
272	146
554	311
222	494
464	570
421	227
464	170
242	290
171	533
399	129
152	254
436	161
380	508
107	284
580	216
145	200
337	392
288	501
579	285
26	255
17	173
561	135
203	462
577	156
219	80
590	290
312	446
194	53
506	289
519	596
292	344
106	204
42	175
392	560
252	251
403	298
347	456
421	337
593	471
406	255
341	16
160	149
443	567
118	285
290	262
565	99
359	199
19	210
296	236
28	519
554	30
596	340
355	382
86	59
76	370
411	508
182	399
551	221
326	384
53	222
563	177
442	254
11	258
7	365
342	243
128	590
258	153
409	424
573	186
577	299
537	130
46	578
402	459
80	296
555	186
210	563
479	340
506	392
555	501
66	73
280	16
575	362
550	152
375	468
548	73
296	163
469	204
67	363
52	142
38	274
176	100
457	249
482	556
137	125
579	427
48	172
347	535
582	166
460	56
561	354
125	304
167	121
266	171
52	579
401	453
239	461
575	79
207	36
73	598
323	369
39	16
110	0
330	187
81	6
151	28
451	510
307	201
324	328
414	476
31	8
524	556
77	398
558	537
158	463
56	44
539	440
531	129
103	514
82	50
36	534
498	361
97	269
403	273
329	109
131	329
111	140
282	199
165	242
328	309
548	415
506	51
238	310
211	393
95	493
327	246
498	58
571	2
584	35
216	460
491	2
15	257
136	291
294	2
403	492
248	8
341	560
219	455
344	439
483	484
579	486
428	292
296	382
365	195
403	492
567	166
198	437
220	61
63	403
589	176
211	512
388	357
147	325
424	227
109	192
319	159
62	57
222	224
219	175
35	265
558	531
291	378
253	296
344	27
463	366
82	399
0	298
47	409
316	171
333	141
16	220
299	109
500	17
192	494
28	232
523	535
262	389
345	398
294	81
14	335
292	544
290	473
255	294
348	511
203	86
389	176
150	391
491	227
553	259
350	26
570	364
88	418
182	342
229	125
579	451
561	236
291	351
9	492
404	505
73	435
229	586
277	583
163	277
187	100
386	171
30	528
159	425
246	37
314	33
354	554
537	314
495	118
543	373
58	482
203	301
569	418
253	578
360	96
315	130
544	100
290	156
81	44
472	571
584	244
358	563
396	259
444	107
243	434
172	430
585	217
560	176
40	215
383	338
595	293
138	34
12	72
261	91
462	402
449	196
204	196
183	279
280	498
351	456
200	435
342	208
515	595
62	589
346	54
359	400
161	515
347	226
436	347
288	227
598	70
70	521
349	128
368	402
210	380
167	495
212	205
106	405
516	141
506	72
75	412
170	253
71	383
227	213
396	466
141	482
192	163
523	591
71	405
109	216
125	157
64	99
298	245
291	553
47	27
472	565
399	45
195	560
456	307
38	343
497	432
298	82
334	230
363	377
326	206
251	396
45	401
590	287
102	70
445	17
160	361
156	256
570	228
470	267
457	156
328	476
517	562
539	87
116	460
3	51
398	472
156	252
360	28
277	538
356	261
364	169
173	98
249	422
576	509
495	11
77	382
245	464
6	371
378	270
119	39
599	401
67	421
126	97
391	362
336	461
207	253
389	461
111	468
508	202
325	172
355	92
209	532
368	527
86	359
557	483
18	468
466	367
41	12
261	194
448	575
500	509
309	555
323	200
572	122
193	575
197	358
125	409
281	476
30	86
346	331
584	562
242	391
442	585
252	390
500	121
479	183
357	71
321	146
515	247
592	359
596	251
316	103
161	559
592	521
3	439
359	114
581	438
539	76
273	388
552	50
566	467
279	509
87	406
191	206
487	85
543	257
65	66
590	66
4	338
98	438
51	256
415	560
314	380
232	599
148	355
409	481
346	299
573	111
278	485
171	460
101	488
395	234
283	414
31	59
25	117
500	33
561	412
504	450
298	31
109	596
127	394
139	121
553	406
205	319
501	90
433	527
480	354
547	79
455	164
171	286
492	573
170	124
474	583
548	276
297	253
184	463
237	557
411	157
201	312
321	338
113	241
517	467
373	279
513	340
33	305
46	336
521	341
135	460
218	285
481	272
404	487
242	67
131	32
139	10
293	564
104	20
174	476
220	541
471	508
41	557
293	264
589	5
549	98
216	509
549	419
50	349
246	484
265	518
5	135
560	539
569	559
516	530
288	257
272	369
162	213
0	134
470	453
546	248
283	560
96	571
462	323
130	340
555	462
489	538
87	15
38	173
250	269
201	110
346	26
406	34
194	157
9	3
441	212
530	381
343	139
252	18
235	427
447	75
23	418
277	396
229	514
18	211
243	217
68	460
73	501
418	468
524	90
73	0
546	17
122	105
62	398
431	366
102	446
532	366
47	315
202	505
114	438
278	545
272	104
449	442
201	253
456	499
122	365
300	361
429	56
556	319
130	494
430	259
404	344
301	247
414	38
323	99
588	86
312	460
325	438
203	323
494	86
461	156
371	349
461	89
110	30
365	219
66	510
260	397
496	93
269	365
248	167
125	111
277	542
202	399
559	102
214	163
276	596
235	467
104	156
248	542
72	470
370	490
599	563
526	23
96	434
226	385
578	114
507	265
249	467
297	415
329	181
303	341
334	420
15	19
311	311
219	274
544	483
501	63
207	361
247	399
94	281
111	121
95	186
378	261
222	559
226	223
24	391
98	7
481	392
366	80
315	545
535	138
578	371
228	31
557	388
20	599
39	456
32	433
195	59
518	334
374	416
527	451
78	439
26	195
209	262
482	598
464	527
402	51
130	498
537	133
301	87
497	133
295	290
153	323
2	331
466	154
142	56
526	448
145	514
100	150
130	281
456	442
467	269
32	527
348	114
538	534
515	462
593	443
289	59
214	526
33	20
202	196
466	509
394	113
532	139
331	116
263	253
69	312
70	206
116	259
195	424
337	84
452	39
56	486
243	391
371	443
187	362
395	359
94	250
526	11
52	8
244	41
477	502
275	475
192	31
235	419
244	441
588	270
347	244
483	274
223	466
572	504
28	251
137	504
557	195
480	41
51	546
162	489
8	153
376	247
34	380
208	330
547	248
198	238
372	530
78	355
386	369
445	49
201	361
407	28
261	373
306	303
95	88
434	128
436	472
95	385
122	272
384	222
379	97
578	16
44	540
268	117
96	246
330	457
525	24
161	373
528	282
66	562
12	140
304	266
293	89
459	164
307	408
487	330
114	520
486	320
86	599
458	11
132	167
175	420
532	454
117	208
410	472
371	101
212	555
302	211
534	111
410	44
193	480
128	585
58	9
317	387
54	599
395	515
467	31
320	511
178	293
84	161
521	522
113	445
85	497
91	342
276	22
526	550
248	475
447	465
40	273
491	300
337	479
419	456
385	138
289	77
556	521
572	260
151	44
479	501
530	209
481	145
355	234
101	341
509	238
9	20
136	18
83	248
1	220
576	413
378	196
238	146
21	160
585	333
442	578
91	177
431	184
140	454
359	215
234	454
595	5
17	159
405	386
99	466
52	146
315	215
530	106
492	563
521	244
470	559
131	56
440	22
585	425
289	419
171	66
112	180
111	411
212	471
533	236
246	223
70	60
251	35
508	214
445	67
445	73
496	432
337	123
338	335
155	321
332	474
141	29
261	67
395	45
254	246
250	124
208	74
385	407
153	523
333	206
70	311
171	573
43	434
487	165
173	9
521	100
72	32
111	102
508	552
125	415
418	129
329	166
149	223
579	31
412	532
225	213
451	386
185	25
489	307
424	396
469	279
520	454
314	481
430	368
369	79
0	60
309	100
157	574
481	499
407	367
518	490
420	415
97	457
347	68
385	93
521	107
366	366
379	146
509	497
269	295
376	226
105	33
482	106
292	113
408	385
50	276
83	361
506	544
442	127
579	416
573	565
550	566
44	112
334	228
165	332
466	144
157	191
371	425
454	569
16	266
390	566
311	554
464	597
438	404
52	408
399	290
177	40
18	442
67	84
205	306
432	46
487	197
292	178
546	257
508	180
150	188
423	429
210	388
224	89
581	272
81	73
235	430
498	520
187	313
119	195
85	598
271	466
209	100
505	286
346	557
529	582
122	477
439	578
239	351
168	115
203	14
135	197
361	407
196	570
155	64
20	252
393	397
265	454
307	215
560	407
416	129
152	405
55	57
42	314
323	270
140	397
19	516
272	400
599	522
498	122
367	68
134	528
357	378
111	140
387	300
141	522
79	32
286	539
211	186
236	512
416	454
55	357
403	29
34	279
24	10
144	267
579	584
433	453
245	274
56	370
563	382
108	306
35	111
382	365
368	597
458	273
428	275
398	421
245	365
135	414
312	20
107	131
418	72
34	190
78	417
462	210
264	177
113	132
72	33
557	111
203	495
390	128
587	129
308	370
318	361
253	47
292	108
95	373
250	56
331	256
43	258
197	369
510	90
488	387
435	244
142	117
543	435
189	401
48	587
117	313
506	251
182	32
351	494
527	172
53	397
289	150
433	226
354	443
305	251
37	283
343	201
134	299
90	357
51	193
383	582
279	324
84	361
208	21
597	405
248	454
551	329
48	381
594	285
336	204
500	74
4	281
312	95
441	29
6	73
109	555
292	333
315	72
106	125
526	161
250	318
269	133
334	10
533	232
260	238
508	224
573	98
489	360
195	152
506	559
8	435
149	556
491	454
536	416
246	533
371	120
11	76
43	550
101	211
122	371
466	90
210	187
78	383
145	45
11	153
445	181
252	255
200	471
241	354
23	378
405	364
237	359
75	124
301	341
255	184
316	339
561	349
117	97
571	389
278	195
36	309
407	186
14	138
195	57
385	568
271	97
58	167
255	337
382	170
248	374
81	237
88	187
515	442
489	165
186	240
421	278
411	337
340	380
41	423
496	85
536	482
450	296
379	120
469	275
25	193
15	493
358	94
112	560
462	406
596	37
157	293
458	371
234	393
591	213
474	169
245	71
472	237
292	45
546	564
523	240
487	502
447	470
428	359
218	389
238	357
439	419
281	574
282	501
319	16
453	298
493	142
580	532
279	84
570	578
284	304
37	492
572	77
84	253
405	237
448	310
597	378
248	573
74	185
543	41
174	323
1	376
158	482
35	439
353	596
359	261
333	559
446	356
292	2
249	493
542	51
80	368
137	98
531	525
220	417
335	10
297	254
479	513
40	143
140	92
248	465
576	552
248	213
580	43
484	160
178	156
419	5
540	62
301	312
387	384
474	282
124	340
118	436
365	274
113	250
413	0
586	279
137	176
387	374
154	14
415	3
196	404
56	303
450	53
486	18
133	178
298	208
420	276
224	195
588	103
195	528
97	62
570	393
437	545
368	230
108	328
409	217
283	131
161	285
397	64
463	186
484	247
286	463
121	541
547	268
291	323
482	452
251	83
484	227
512	271
68	354
598	246
23	36
10	59
401	163
456	467
124	588
301	467
107	316
369	164
588	334
76	124
492	474
81	170
469	371
63	294
506	180
236	154
452	448
533	81
125	366
225	91
297	429
556	106
108	490
174	340
598	539
491	93
299	414
102	168
592	499
70	2
496	450
187	107
68	443
273	81
65	361
203	251
402	9
483	31
550	213
198	369
541	135
133	537
277	572
381	176
113	391
304	54
384	55
261	578
43	151
474	383
528	399
458	248
412	12
585	48
350	249
460	176
574	415
101	566
84	569
236	558
12	389
394	152
175	431
471	45
558	80
539	39
184	262
553	101
290	417
496	568
86	26
339	156
4	319
488	46
460	55
510	223
574	327
287	570
441	303
269	120
144	292
209	493
371	530
94	86
177	389
252	242
202	396
273	306
211	523
426	70
259	132
71	310
162	521
460	130
442	41
307	406
365	173
199	381
366	581
220	416
59	123
298	595
200	244
273	173
503	158
198	259
395	411
371	543
413	217
180	122
301	162
438	131
330	599
434	10
364	492
151	182
294	304
62	496
258	380
310	98
517	421
232	359
577	528
542	183
17	49
460	143
455	335
520	276
529	239
509	82
323	300
419	517
310	392
491	3
381	378
214	316
544	292
149	447
57	239
243	250
468	277
15	317
372	387
470	436
32	409
21	423
165	264
68	88
101	271
150	121
5	249
476	567
204	406
481	559
159	284
144	395
249	259
322	80
424	418
429	199
539	265
342	23
151	404
398	460
577	400
74	30
30	5
380	504
574	592
599	330
134	76
576	110
349	61
473	356
318	56
167	426
188	338
115	140
317	228
589	476
421	48
595	357
411	362
290	106
104	302
436	430
92	498
239	247
242	7
567	597
332	442
249	313
545	9
432	147
403	236
157	76
333	298
15	540
137	149
554	441
288	155
187	22
395	241
554	459
214	358
80	206
548	218
240	566
62	242
546	8
572	16
346	417
126	235
551	318
356	168
120	50
234	236
417	493
47	399
563	198
5	494
545	581
419	382
486	583
141	544
404	471
429	309
248	430
27	343
482	182
536	297
272	9
112	596
497	521
94	88
567	163
233	363
270	341
404	281
513	272
268	176
363	76
354	134
11	551
576	593
321	538
136	283
70	168
80	416
344	516
2	286
114	174
256	376
466	217
45	358
411	12
438	597
195	363
39	367
79	217
354	286
283	580
202	66
118	437
477	364
553	91
368	158
88	243
141	98
105	286
328	420
146	47
63	228
7	383
503	228
113	439
555	50
26	90
224	554
580	516
540	572
57	2
588	573
333	15
29	365
264	465
354	228
488	398
268	417
252	326
312	33
539	46
161	272
234	30
471	31
180	144
88	507
4	189
122	374
382	414
426	76
315	340
79	11
27	324
8	392
213	547
564	498
250	209
432	597
200	269
290	62
42	141
533	6
44	64
125	245
269	451
218	460
109	260
394	286
262	422
239	172
31	361
176	508
466	277
162	261
519	307
575	74
322	320
215	112
496	399
395	214
255	442
409	384
387	85
473	8
564	527
565	241
333	477
103	433
192	237
269	379
284	124
48	550
25	172
459	566
74	342
406	77
32	136
553	237
192	163
166	189
171	435
415	309
28	515
255	175
54	261
61	44
571	436
578	136
513	94
139	204
326	545
467	326
333	456
304	167
233	137
517	281
54	95
352	514
247	496
482	393
321	258
212	452
599	566
145	564
311	89
46	69
306	531
301	22
280	342
489	41
1	229
20	576
9	110
140	525
595	478
365	75
206	311
328	150
229	280
440	236
279	145
381	559
295	2
354	280
39	271
472	553
213	242
486	46
592	517
560	273
203	114
140	273
199	529
180	263
56	285
429	293
206	243
430	99
203	544
420	207
156	518
490	352
545	547
574	512
102	263
95	443
92	95
146	248
194	475
212	587
228	384
378	260
206	90
300	464
434	130
400	553
597	288
266	293
511	486
425	472
473	528
69	255
425	331
141	418
385	121
13	469
214	318
420	300
244	251
523	352
111	164
241	234
340	112
100	362
550	69
443	588
260	429
102	168
439	201
519	125
154	568
393	554
186	484
206	545
13	577
56	367
431	267
429	468
391	187
597	420
96	421
199	519
35	121
215	563
362	196
93	252
183	243
399	102
211	4
358	327
323	240
221	363
237	417
238	204
320	452
456	454
561	530
427	397
74	201
451	332
189	346
250	595
118	223
112	532
318	579
518	338
228	285
145	22
238	474
321	391
229	495
457	373
118	352
433	35
413	472
510	343
372	269
556	318
138	519
402	409
598	525
483	494
282	19
197	525
421	460
306	56
417	145
316	109
411	307
262	299
336	538
581	319
500	258
485	226
430	503
352	264
448	366
49	24
195	207
575	139
215	218
293	403
39	509
118	17
443	239
117	219
375	364
443	488
201	310
194	489
344	84
550	86
144	81
419	354
217	188
586	389
183	232
93	100
221	31
474	414
243	560
540	21
166	481
124	248
582	259
39	545
459	177
441	255
457	236
447	442
522	119
122	319
466	585
487	567
6	348
124	144
534	209
237	439
345	246
172	104
240	374
263	381
123	435
395	63
343	410
431	339
81	98
43	316
364	59
359	241
302	64
496	138
208	360
381	109
509	478
376	119
58	323
496	353
179	405
459	201
495	38
296	345
209	180
194	137
64	32
193	372
584	189
11	321
543	175
352	321
12	342
107	383
33	517
220	385
65	555
82	538
244	182
174	353
24	134
74	489
306	477
481	382
322	129
104	73
468	12
234	136
483	329
9	213
24	490
584	265
368	482
166	349
83	540
516	93
473	439
456	82
95	590
154	442
175	344
83	421
430	585
38	439
582	515
119	597
396	165
503	358
476	85
522	47
144	149
231	547
72	240
598	550
107	80
89	524
115	357
457	274
359	515
361	296
210	433
111	226
480	497
351	554
57	409
490	252
590	421
467	30
0	103
10	377
377	581
554	536
154	132
101	588
131	206
159	529
65	462
143	289
217	452
18	227
35	25
338	480
578	320
340	378
79	79
8	232
541	345
249	250
520	314
595	526
575	190
324	77
272	118
179	486
282	256
101	76
462	162
167	262
551	522
214	363
296	221
362	47
69	42
465	135
217	266
487	293
590	303
75	568
292	102
133	348
592	2
476	409
478	535
276	171
337	375
108	365
351	348
366	274
378	523
15	386
497	89
246	573
53	485
146	583
583	57
83	352
87	366
259	14
399	428
262	498
374	491
116	108
368	377
319	508
562	328
599	30
52	266
283	385
320	404
435	292
78	548
273	573
394	161
413	192
181	54
463	232
503	18
599	21
263	295
481	578
433	236
541	321
582	265
2	446
586	415
11	429
414	314
89	481
573	21
479	153
36	152
589	577
587	519
204	395
344	594
369	112
378	356
389	23
91	459
184	103
143	436
269	61
233	368
49	325
293	486
61	271
8	230
195	576
523	272
38	530
399	263
538	593
354	373
362	346
175	427
496	170
28	149
511	536
333	145
388	32
478	90
579	293
5	157
294	346
326	567
512	230
328	361
576	250
69	377
457	87
215	566
174	73
181	584
251	306
325	225
158	468
99	356
132	111
32	560
73	483
518	345
119	163
359	588
287	158
453	493
30	491
365	55
350	120
237	175
14	367
572	69
548	414
433	151
278	441
507	60
264	246
535	514
167	293
304	5
372	594
41	405
517	49
182	138
133	380
33	143
316	356
472	376
97	33
555	449
267	408
299	204
511	176
390	15
484	425
15	16
258	202
323	77
161	389
502	412
190	305
100	404
96	331
427	295
425	19
469	300
304	502
556	61
75	565
398	18
441	265
409	495
373	513
199	209
383	75
106	217
541	43
467	450
343	274
195	477
280	101
501	158
0	25
171	394
311	80
260	159
403	443
248	377
122	165
530	557
307	591
148	11
351	341
49	469
21	140
259	110
179	334
292	505
161	4
514	143
375	526
116	180
134	498
409	543
156	383
176	468
137	277
561	280
471	20
347	169
110	501
423	111
477	184
401	306
573	475
526	113
327	523
145	172
134	42
528	319
183	422
172	100
429	58
166	524
81	459
28	449
54	1
402	539
18	360
206	445
257	506
556	283
68	370
96	195
535	120
402	573
392	244
554	39
114	121
525	290
57	495
585	587
248	164
114	471
591	481
423	134
281	237
422	298
25	360
460	12
524	454
369	163
457	30
480	307
229	445
500	334
164	420
61	249
418	499
266	454
39	496
9	529
592	392
378	425
114	409
17	429
482	434
426	456
200	519
527	330
538	308
477	421
469	469
45	585
158	209
454	156
574	241
295	194
60	120
322	436
372	208
37	48
93	182
146	317
145	28
357	73
413	170
286	106
0	136
156	541
377	401
106	358
432	383
598	28
271	24
140	368
538	98
393	90
161	240
571	552
166	105
494	52
97	113
305	113
514	470
479	306
302	17
386	383
434	231
314	5
358	484
274	440
568	435
195	183
465	563
363	349
93	57
517	559
396	174
316	175
509	598
450	124
226	29
338	124
119	109
390	255
564	592
346	417
202	454
463	99
122	468
20	471
153	17
143	166
592	534
121	591
111	66
40	543
194	223
590	8
571	140
422	424
151	344
175	70
165	80
185	474
272	421
356	122
22	285
535	533
482	220
118	86
476	190
581	87
96	372
306	551
523	377
447	370
89	96
564	387
452	548
571	224
415	19
293	34
57	352
274	504
285	108
310	135
390	192
255	192
264	457
42	310
58	416
589	130
383	173
415	29
419	216
332	185
411	355
277	452
133	455
308	107
247	66
388	255
187	346
511	246
456	145
458	576
324	500
171	92
549	385
291	287
303	517
342	17
135	272
350	268
590	510
456	193
138	290
366	481
590	57
459	364
130	224
62	546
357	586
166	468
510	162
171	326
587	186
453	67
272	262
78	469
449	480
138	416
3	593
103	441
44	272
279	584
459	330
90	207
466	478
265	134
144	243
77	349
259	113
134	141
514	209
216	235
257	426
567	458
22	137
299	156
568	284
502	52
223	491
450	547
326	179
345	310
461	160
484	32
299	503
140	1
529	54
367	139
346	472
218	20
598	216
286	429
486	529
437	310
73	351
403	163
429	118
441	328
378	62
276	332
432	543
284	173
513	79
65	352
224	373
496	66
80	169
372	561
586	594
191	584
47	579
111	507
252	323
30	367
67	159
361	268
589	255
34	355
181	498
265	102
328	454
293	408
401	568
424	123
465	44
185	423
435	194
267	477
517	445
59	337
99	113
151	229
86	56
545	104
474	369
11	250
357	175
244	146
578	121
464	287
190	19
478	303
274	176
212	151
486	577
85	280
535	551
386	146
232	73
134	88
572	370
546	384
75	323
162	236
282	48
575	10
301	114
587	300
264	201
452	413
147	347
167	113
435	325
190	96
525	444
140	327
294	384
316	362
479	567
290	474
476	130
489	255
322	510
44	298
576	105
184	402
159	422
518	209
315	495
551	426
404	526
112	89
358	512
308	86
147	86
265	592
75	426
2	26
82	330
68	229
591	228
21	242
269	351
406	434
147	345
193	436
118	154
93	498
254	188
470	272
365	46
242	201
452	67
238	424
328	236
583	169
58	319
461	570
532	257
458	249
486	399
232	523
353	501
383	461
403	514
142	91
457	536
66	115
483	67
58	445
192	318
18	529
402	52
30	389
533	401
126	74
345	94
208	346
503	475
500	256
561	412
504	59
545	107
516	176
315	550
512	204
183	156
33	163
246	33
594	440
438	315
311	89
200	113
5	357
119	79
302	477
19	344
280	525
595	377
13	334
458	510
597	65
344	35
159	457
584	561
455	382
226	211
273	122
479	436
347	81
450	518
281	314
102	529
410	524
562	263
352	351
194	88
349	425
343	391
328	433
510	96
223	251
165	244
119	256
58	379
142	329
86	396
354	449
591	4
490	573
531	568
346	320
136	217
180	175
360	284
266	293
450	178
360	572
164	107
125	337
516	18
595	330
582	228
28	143
119	323
228	427
449	210
190	413
23	436
174	391
528	477
102	386
416	404
164	596
314	531
441	399
306	501
452	487
30	379
324	344
437	291
197	386
368	326
481	338
541	581
216	126
10	287
322	588
102	536
153	103
211	217
204	328
248	177
446	301
59	237
590	296
236	345
527	567
572	315
191	475
108	104
364	71
554	421
322	23
86	44
58	74
563	73
221	6
506	80
254	183
544	493
221	139
455	72
495	261
410	547
395	276
449	41
431	311
397	68
561	559
341	75
523	217
391	231
37	390
19	336
198	65
489	208
237	125
547	564
537	456
116	467
593	536
40	132
406	465
101	56
308	168
119	185
231	127
194	318
67	420
448	100
235	312
562	250
19	162
67	569
209	221
393	374
326	533
116	326
155	209
121	13
590	221
304	426
524	448
280	267
40	108
37	336
58	375
568	6
419	501
581	83
92	176
522	33
518	541
283	394
148	388
154	542
196	316
115	235
21	112
590	217
331	170
38	80
61	3
206	225
456	212
539	119
524	428
37	56
44	110
263	187
499	53
406	168
314	511
582	110
46	388
503	461
414	322
286	25
410	239
129	367
62	537
571	231
86	365
333	382
445	514
213	279
582	553
504	86
235	204
395	121
555	104
183	587
509	224
555	253
507	375
283	451
195	146
398	273
263	336
438	480
28	526
225	18
415	539
564	125
83	29
502	183
408	223
290	254
445	248
511	498
294	200
2	354
448	25
171	296
353	160
13	74
133	150
582	22
12	176
414	321
423	127
277	20
456	405
317	331
209	381
447	235
581	349
217	208
500	451
269	232
162	65
204	560
102	590
321	416
463	467
467	405
138	550
18	300
113	366
3	302
126	469
550	516
558	195
493	440
288	364
367	581
236	256
362	101
432	122
534	317
22	488
150	6
378	431
434	451
502	319
288	586
216	362
266	425
540	189
416	479
531	464
582	228
349	504
24	149
338	142
329	72
36	332
180	256
88	139
409	302
572	68
313	244
586	441
501	527
154	255
360	240
174	3
422	39
343	526
20	454
382	542
38	325
164	466
407	566
202	57
147	95
101	184
425	520
489	326
148	152
342	382
417	177
288	425
26	228
160	93
217	194
424	438
120	8
204	390
101	166
428	284
348	196
470	79
556	441
232	254
275	2
315	93
477	324
131	277
248	534
402	401
555	493
85	41
533	301
151	269
481	137
73	64
471	56
219	518
198	244
348	171
166	552
276	353
498	429
323	117
530	249
595	399
390	277
288	373
567	49
312	371
528	86
438	488
25	223
120	376
140	61
56	105
40	582
383	229
27	121
285	468
533	97
30	514
127	36
494	20
234	582
365	498
68	559
86	338
534	157
289	281
281	287
248	390
30	240
295	581
540	420
125	293
444	226
295	287
105	142
491	251
300	426
153	465
28	72
334	328
145	207
562	110
217	543
306	93
452	90
200	238
546	58
6	381
93	329
361	9
121	144
354	198
359	48
136	97
193	111
369	247
464	527
216	154
233	89
95	250
222	353
422	476
408	198
548	393
346	256
530	157
361	422
23	169
536	324
438	472
160	381
84	467
373	499
37	58
11	16
6	464
63	159
269	577
538	92
484	427
168	221
405	54
223	52
359	224
499	122
223	545
54	81
50	377
469	14
350	513
590	401
241	309
28	562
409	523
493	354
370	496
347	147
510	448
239	277
334	215
420	366
143	305
287	277
288	195
404	204
504	284
283	79
364	483
138	213
574	94
396	266
409	316
47	238
545	584
435	526
31	266
78	557
106	131
77	158
297	101
589	513
429	582
416	344
468	375
130	484
360	93
19	1
550	458
71	474
433	97
505	99
135	437
326	282
508	12
270	520
322	413
389	593
442	323
119	150
164	349
83	467
51	364
190	122