300	10
495	357
312	67
232	183
452	374
404	297
301	7
196	229
437	369
298	49
318	122
281	55
280	142
395	369
355	149
272	99
389	274
173	388
237	226
507	361
245	276
372	137
216	243
395	485
497	415
232	343
345	188
317	125
292	64
245	263
502	460
505	417
309	72
292	280
290	19
327	242
339	132
283	147
222	212
297	489
261	416
325	191
487	434
237	230
244	296
95	372
215	150
387	216
239	158
324	137
413	343
240	141
290	285
256	106
24	488
274	106
278	406
372	158
387	327
380	261
543	482
352	93
404	240
304	64
250	99
274	145
313	369
187	291
86	452
352	179
385	230
106	366
283	38
312	367
526	412
172	347
381	200
340	461
546	447
298	10
387	305
446	397
135	506
259	121
388	339
174	424
469	299
71	414
323	43
349	458
292	481
175	382
441	430
270	489
314	101
430	293
291	219
125	468
321	141
270	98
311	147
361	272
203	412
393	231
297	7
377	135
262	81
339	126
324	224
98	368
210	509
433	243
397	381
293	389
374	516
449	442
218	158
207	167
257	351
276	106
403	410
349	388
303	72
275	263
207	209
500	435
313	369
251	351
301	75
295	214
319	88
301	6
293	496
346	455
363	254
197	183
429	277
333	88
253	393
310	222
287	81
231	125
332	292
348	177
319	133
273	291
173	474
326	61
197	286
300	2
171	266
130	304
355	159
196	200
249	216
246	310
298	10
431	288
205	442
414	263
241	109
439	307
279	103
252	94
318	248
263	83
308	434
147	515
172	236
346	134
285	29
307	457
279	211
138	504
352	159
179	457
360	181
227	507
292	79
336	106
396	435
232	462
418	221
299	53
321	272
224	514
285	193
351	270
320	274
277	121
244	233
295	41
531	468
325	86
362	258
252	96
341	493
257	163
320	149
347	382
170	325
103	344
295	80
429	364
247	487
300	200
293	25
423	280
364	377
318	237
324	289
237	143
330	219
295	280
457	407
300	300
307	222
271	108
214	482
321	63
230	351
182	477
342	349
496	442
297	67
217	302
280	169
332	313
413	203
299	87
517	381
273	464
303	199
380	424
342	154
204	349
262	245
315	365
437	481
256	262
353	112
543	511
430	334
163	319
163	392
159	389
338	106
79	384
498	440
323	170
335	339
49	448
394	300
300	467
394	241
231	132
56	429
374	156
302	310
217	187
457	378
338	291
449	509
145	280
489	438
335	336
306	41
374	234
313	356
397	319
305	26
200	188
364	168
345	243
419	251
254	390
174	285
364	313
128	328
260	99
319	205
483	363
326	300
148	326
364	286
254	100
328	75
275	149
326	93
118	357
212	387
235	359
316	519
439	332
293	38
299	20
134	289
267	91
308	318
265	79
370	290
269	242
339	72
304	19
289	160
271	200
307	84
275	339
357	337
415	287
273	106
172	274
267	98
304	172
424	253
298	28
509	435
278	67
340	287
303	134
131	395
262	167
280	161
457	363
362	183
340	494
277	476
284	62
245	137
401	357
421	240
258	94
127	389
208	432
299	73
373	262
306	105
91	398
159	350
378	266
385	171
315	124
221	327
310	47
284	225
387	300
292	18
424	318
243	149
363	148
314	42
311	84
216	216
302	6
256	501
330	498
381	150
385	362
272	58
311	106
298	464
405	195
540	491
95	472
323	41
266	384
186	500
374	363
198	387
217	218
265	125
287	160
293	89
291	162
294	99
335	175
413	513
571	514
292	93
310	111
418	221
350	125
360	160
335	467
287	49
447	452
458	351
297	61
266	326
206	314
215	493
409	229
405	261
484	377
373	498
410	251
468	495
133	458
376	404
285	67
60	428
353	155
217	248
490	406
494	440
318	50
287	80
300	25
264	94
277	91
308	79
338	126
343	120
275	239
442	506
287	143
259	434
288	235
192	442
243	387
443	308
288	333
288	66
353	375
302	87
315	35
358	494
295	45
238	128
341	127
156	254
568	478
491	364
222	281
348	310
296	252
151	326
275	285
261	440
69	410
226	336
304	261
421	492
275	455
311	25
532	463
294	79
300	2
65	423
298	7
263	91
242	329
185	202
511	487
286	442
260	136
348	132
210	371
259	94
285	80
359	135
332	70
430	371
292	78
182	273
299	13
119	383
328	277
265	99
285	183
243	351
319	41
314	57
288	361
400	316
156	334
308	54
413	235
333	414
425	396
274	62
377	223
317	85
352	106
290	38
380	180
226	178
248	217
242	171
300	2
21	487
243	364
214	248
91	448
326	89
385	233
425	360
440	273
274	226
409	345
227	225
133	497
186	402
235	144
190	355
167	333
334	207
178	354
19	498
349	416
279	93
267	334
267	117
276	300
333	150
252	148
335	306
593	519
352	116
204	274
142	435
164	344
289	27
336	106
298	21
327	418
222	206
165	428
228	192
379	179
176	225
313	38
536	438
409	301
222	467
158	267
260	181
83	437
207	474
208	352
140	402
352	102
307	28
197	398
182	334
351	93
299	19
284	39
491	517
327	177
310	161
239	180
300	1
313	65
308	67
305	134
304	87
331	270
176	325
323	70
305	320
296	338
271	252
315	93
210	513
307	42
363	358
181	281
341	113
411	226
320	224
242	125
378	518
359	183
368	348
299	8
506	371
12	506
254	138
355	238
571	487
263	273
32	498
526	416
275	54
292	200
173	509
154	311
44	500
301	7
95	378
260	202
189	485
174	328
290	103
287	63
330	313
193	369
102	507
248	136
301	30
351	229
301	10
245	362
291	54
192	296
344	244
221	144
464	474
399	484
227	167
269	320
328	261
252	221
262	111
234	256
317	448
301	3
320	137
208	400
224	153
357	469
416	371
255	114
200	384
365	232
385	223
286	230
343	94
508	417
247	261
105	477
283	96
313	63
300	2
502	352
298	349
249	361
308	144
260	75
300	306
450	397
287	31
289	39
290	31
480	420
306	15
190	303
326	79
292	194
180	268
59	458
340	76
160	269
131	514
271	59
412	361
385	440
206	396
404	235
207	314
427	235
209	397
260	216
180	257
187	286
323	403
473	446
368	159
232	222
323	42
417	443
227	453
361	138
276	135
309	48
203	284
340	464
428	499
258	114
255	179
231	435
448	285
372	351
253	341
335	234
174	429
262	372
303	10
300	6
249	215
227	306
235	424
298	15
208	235
365	184
228	267
390	248
248	345
258	424
187	343
150	292
515	436
246	197
291	280
301	9
312	34
108	499
295	89
299	288
316	41
425	456
233	209
317	251
455	425
336	112
175	425
359	188
463	440
264	338
546	486
171	279
258	425
334	229
331	191
369	403
280	150
403	291
289	35
297	93
361	176
305	83
279	478
268	151
176	275
258	84
308	28
306	40
297	151
356	173
361	128
399	346
216	230
481	404
473	453
234	499
287	291
266	80
329	55
216	271
244	202
320	118
279	515
272	110
353	213
271	334
207	209
227	209
291	29
308	19
423	339
322	120
310	53
430	473
323	98
112	467
223	450
317	35
342	317
331	206
297	92
339	135
271	439
305	100
232	164
475	329
180	320
447	267
170	399
246	282
291	58
249	100
298	17
285	104
217	187
300	349
343	191
317	119
398	270
303	79
415	479
312	51
298	9
279	364
268	167
262	252
148	384
297	39
476	326
381	216
354	276
413	276
297	9
300	1
337	111
230	206
197	261
175	365
302	229
147	356
310	80
362	166
184	300
228	151
283	63
362	376
414	230
231	183
187	322
325	114
292	138
219	143
173	415
438	279
350	134
459	306
175	472
279	69
352	163
180	332
227	421
593	517
297	27
335	88
395	378
300	2
209	380
256	278
250	89
449	358
277	234
301	6
325	112
305	353
315	41
290	79
381	217
485	479
318	94
189	222
300	54
233	122
288	163
162	293
26	512
371	132
348	333
254	365
329	306
345	135
432	413
334	138
239	237
323	319
426	245
285	316
90	371
126	321
354	150
246	376
389	253
384	357
285	93
300	5
535	418
278	42
79	403
404	227
149	351
136	286
221	484
496	446
337	154
256	83
449	346
415	291
208	365
264	417
291	230
332	235
308	125
300	2
109	357
222	380
276	347
145	437
343	158
312	126
290	90
169	416
350	295
281	73
282	70
65	429
300	420
412	258
406	474
429	435
318	71
256	155
359	110
432	416
308	22
292	73
402	209
268	64
271	63
300	56
303	506
253	487
213	161
301	443
305	20
432	265
457	335
256	481
294	492
169	270
393	261
309	83
298	312
298	68
177	508
217	226
206	259
277	101
351	96
137	285
330	220
310	332
180	476
292	83
243	132
341	230
323	93
339	214
297	48
205	392
330	313
267	119
449	290
339	185
302	59
250	371
160	487
119	397
338	104
360	138
483	418
368	190
77	475
322	328
259	258
286	28
272	72
296	124
499	365
316	103
230	241
253	414
434	270
202	183
514	403
168	448
271	264
223	347
145	468
309	154
421	334
292	221
205	185
358	123
137	354
395	325
337	247
308	23
109	352
388	482
300	26
438	424
294	18
120	366
240	298
132	345
398	237
262	114
178	216
277	130
167	261
230	334
368	241
248	344
531	420
202	286
329	61
299	267
337	244
308	244
342	274
339	423
290	94
259	177
223	197
302	15
136	320
314	474
211	375
308	377
107	347
389	354
284	154
294	24
381	216
118	365
497	418
317	319
320	136
412	314
179	445
318	34
320	142
184	216
184	370
262	112
124	436
281	296
383	496
129	350
289	194
412	416
276	380
239	240
283	52
219	372
455	475
211	243
461	385
480	360
378	141
263	109
243	100
379	150
419	476
289	30
358	186
374	247
452	340
276	43
153	406
183	514
379	174
293	144
457	319
361	279
371	125
385	507
261	82
375	439
259	226
399	189
279	42
441	299
98	512
278	54
260	127
323	384
264	109
302	118
430	449
344	317
332	84
305	266
426	350
200	191
176	305
288	57
167	519
264	97
557	463
386	167
360	463
436	331
293	141
204	351
423	232
258	83
119	355
278	448
314	32
287	109
364	150
261	294
537	511
256	158
311	62
473	503
494	496
289	415
189	447
249	92
296	16
312	93
219	455
397	396
371	129
507	508
225	169
339	185
262	242
302	22
302	42
311	35
280	61
392	424
585	507
425	260
218	385
196	400
224	482
121	385
317	130
308	71
303	69
311	314
147	330
535	484
249	103
416	318
184	312
255	420
397	306
294	170
439	351
328	350
95	384
196	190
383	356
382	198
249	93
328	162
374	431
311	56
299	36
280	68
205	313
328	113
546	516
306	30
162	511
290	174
152	281
300	2
263	171
223	411
297	376
251	372
283	272
348	385
222	222
129	458
558	462
298	119
311	232
504	487
174	259
83	494
167	416
275	240
227	389
334	456
352	274
409	232
293	25
224	387
118	409
187	274
226	473
510	440
273	148
164	492
327	93
362	122
264	427
445	466
300	423
380	226
327	346
457	429
365	312
108	350
322	110
313	108
304	94
356	269
233	435
235	456
198	497
338	142
389	222
252	369
416	288
226	224
223	487
288	40
337	127
311	77
183	496
364	222
427	419
112	472
326	101
299	117
300	22
164	288
307	43
225	262
287	64
331	60
383	226
371	390
280	106
327	216
365	352
282	35
414	305
392	239
186	393
265	132
538	454
347	115
130	513
231	292
559	487
241	165
89	390
364	156
253	139
434	259
415	448
447	282
123	371
316	102
386	400
297	335
270	274
461	519
267	270
283	61
248	221
272	511
164	434
361	114
308	152
325	153
470	475
232	173
300	15
245	141
311	218
252	125
254	353
233	332
346	285
307	30
347	120
208	442
35	485
308	51
246	126
473	493
327	254
358	457
297	296
499	395
300	76
284	202
243	104
308	129
227	300
416	219
388	154
276	170
151	412
164	278
232	403
364	407
323	136
335	109
304	35
343	98
430	339
244	107
401	228
335	127
228	195
398	233
291	19
354	371
294	220
230	359
303	23
286	41
262	85
35	508
349	88
172	397
256	299
366	468
366	519
321	233
283	80
325	93
346	91
310	60
273	116
295	80
391	324
369	171
286	168
301	221
305	200
167	361
288	37
326	298
390	295
404	249
413	343
475	474
359	116
269	82
110	514
241	203
359	456
276	215
239	122
382	224
265	436
375	458
431	391
336	91
318	201
353	98
414	378
272	71
487	476
293	397
299	111
393	217
208	180
463	355
439	361
276	512
260	105
300	6
287	161
294	34
308	107
412	225
369	331
211	313
404	372
273	63
403	351
322	218
294	44
422	486
277	80
458	308
454	269
280	152
301	25
427	501
217	330
211	303
305	151
236	466
303	138
375	229
364	254
101	401
122	341
206	202
242	171
435	348
56	516
414	484
334	64
316	345
305	44
238	231
489	404
305	10
337	253
335	95
302	7
283	53
220	175
83	463
117	357
402	182
265	132
322	72
355	111
184	262
300	140
360	373
360	113
302	76
309	40
122	336
475	396
302	67
300	2
396	414
303	18
274	107
336	119
384	469
341	206
243	235
498	509
300	21
413	490
332	311
272	320
280	78
303	59
371	231
234	277
414	308
274	117
347	368
311	354
236	372
360	272
222	229
308	162
340	112
204	347
143	306
278	112
302	223
126	471
234	350
295	31
371	502
275	444
456	340
511	416
429	242
272	50
273	500
338	342
358	264
294	412
121	338
333	351
333	202
138	384
503	445
274	355
321	59
309	258
134	482
283	259
320	310
204	234
461	481
300	4
177	431
268	163
300	6
254	106
278	280
202	275
319	45
302	190
249	91
375	179
296	123
282	106
161	304
224	190
230	229
359	121
177	298
404	291
294	59
522	480
440	395
301	4
283	122
341	336
425	448
269	215
376	190
408	217
328	61
262	180
249	302
227	134
195	507
145	304
269	75
244	138
320	332
340	104
509	432
547	502
133	345
279	72
373	157
255	468
414	361
276	44
304	11
373	198
268	217
449	387
476	366
349	418
210	209
118	322
338	326
251	181
354	348
358	102
246	212
449	385
240	363
297	24
367	499
486	514
510	435
300	179
299	5
139	390
232	320
271	70
267	247
153	377
286	210
209	513
412	371
264	141
300	22
417	305
164	303
318	34
405	253
323	53
274	334
209	407
264	280
323	73
353	132
333	73
235	130
464	402
101	396
112	398
395	395
232	442
258	332
366	400
309	233
346	270
327	74
71	402
268	93
283	39
216	164
301	244
242	167
570	488
342	206
171	487
433	294
309	489
288	81
287	145
548	436
443	282
238	340
227	461
235	152
273	181
341	140
191	455
295	33
374	500
260	78
355	185
444	423
210	328
350	161
282	244
375	180
432	234
380	274
302	109
226	149
370	409
266	61
453	332
280	45
244	202
135	407
242	156
300	11
289	116
294	106
184	225
260	209
293	428
241	236
86	392
357	315
202	360
49	498
202	211
97	429
447	276
251	156
244	261
275	58
357	497
286	28
376	216
246	210
383	357
492	351
250	171
330	67
190	422
375	292
133	476
185	438
322	404
90	480
369	296
185	485
554	464
341	95
296	74
505	485
214	305
190	218
269	72
408	447
287	24
440	316
312	27
278	126
223	357
347	349
256	96
122	410
312	238
228	514
310	93
144	329
252	352
175	364
429	392
193	190
220	475
346	94
130	507
299	115
310	138
132	316
263	267
311	43
329	67
415	344
149	293
101	364
161	513
261	394
300	1
458	494
182	444
333	118
372	347
456	345
194	226
161	467
290	20
182	339
502	386
57	478
351	125
198	378
300	252
137	358
280	158
264	329
480	393
444	422
305	110
315	57
304	9
391	231
306	64
362	462
243	405
303	107
373	468
153	377
178	371
463	394
551	468
547	468
156	252
105	481
298	68
280	137
557	503
375	187
345	132
344	154
307	377
349	90
438	476
361	197
379	446
319	45
384	160
274	84
241	151
292	468
332	140
503	420
353	240
348	333
349	274
343	381
301	5
447	476
281	44
436	473
276	242
22	504
369	194
305	19
261	282
332	210
307	17
295	295
92	444
191	296
345	429
281	399
273	360
306	26
171	471
339	141
280	212
163	399
292	25
291	21
345	375
382	229
252	304
173	286
326	200
172	250
261	123
71	398
283	48
430	332
528	484
178	238
342	100
305	22
290	416
226	238
298	297
291	51
329	164
124	319
451	378
153	416
169	354
221	177
430	455
303	11
306	113
318	456
314	431
218	170
300	28
562	516
331	128
274	178
74	423
284	94
457	362
303	7
126	481
251	435
291	20
456	302
102	461
332	58
520	415
327	88
319	252
448	352
283	62
332	145
493	337
312	45
415	226
160	504
205	472
464	322
437	320
303	78
306	99
397	377
321	70
302	95
329	345
292	147
119	403
191	349
347	128
92	514
344	99
289	183
249	500
291	129
365	448
208	494
267	196
299	4
305	372
293	220
184	383
180	408
171	325
346	324
421	353
420	314
381	163
569	498
478	452
404	381
249	284
300	35
482	458
304	25
420	433
331	510
419	238
96	391
204	290
234	175
303	73
293	38
294	144
419	308
312	93
242	119
265	69
437	370
370	361
314	61
293	51
238	158
281	390
285	151
319	124
230	429
324	142
83	390
310	34
186	507
313	133
416	204
450	496
301	3
434	489
389	193
308	202
167	498
426	439
333	69
159	339
303	21
291	145
279	215
39	469
245	444
309	379
217	214
432	384
300	38
319	262
21	494
188	266
198	209
309	34
272	242
300	25
235	148
303	161
285	114
305	85
569	500
261	397
300	420
515	516
365	480
298	362
245	435
320	77
480	407
286	258
337	161
239	131
244	105
342	89
277	126
218	166
167	309
293	267
278	293
196	508
419	291
295	166
427	261
119	514
414	455
257	80
194	487
475	350
120	335
181	291
283	422
358	159
312	29
359	106
469	331
348	216
286	157
379	217
392	214
327	377
277	201
248	135
272	66
453	272
340	457
230	485
294	26
457	277
254	245
247	161
317	161
233	217
525	481
255	81
292	267
505	363
316	282
300	14
356	179
310	34
46	515
236	390
332	413
258	109
504	464
312	481
95	446
439	423
271	71
328	135
283	364
379	437
308	187
406	281
299	4
249	225
298	57
297	27
180	222
281	35
353	299
371	307
547	505
323	158
344	161
322	54
380	472
295	16
326	268
138	398
196	425
236	114
340	214
297	50
257	314
405	492
293	75
220	169
467	416
298	199
415	204
194	244
537	465
248	235
393	209
290	98
484	414
525	493
232	182
270	332
301	3
301	22
152	265
236	468
311	109
290	44
306	368
318	110
284	49
399	289
326	515
367	177
329	356
276	110
454	419
483	345
316	88
283	383
374	238
322	45
406	501
303	399
174	436
220	160
456	419
219	488
281	369
316	336
281	67
325	46
217	420
337	94
440	468
317	50
271	272
302	23
171	246
510	411
147	377
249	112
359	311
266	76
476	408
359	110
243	105
214	431
293	19
414	418
522	512
397	221
250	97
199	474
452	274
300	321
272	64
179	266
311	242
322	194
422	447
176	355
294	101
341	94
380	151
300	3
252	458
237	132
312	95
235	119
311	114
307	31
327	67
407	355
243	361
428	468
219	423
281	171
291	509
87	474
291	42
439	279
352	427
471	516
346	86
334	267
289	163
288	23
307	468
303	54
375	374
231	423
123	398
334	109
384	265
331	232
238	176
214	270
297	78
196	416
364	201
321	403
304	293
154	306
200	175
270	115
341	430
324	75
301	70
352	462
307	475
295	18
312	28
263	139
570	474
261	143
306	130
396	294
536	432
292	15
146	497
315	75
438	333
246	169
398	192
239	351
221	222
419	303
286	192
319	372
417	489
525	505
292	60
217	253
262	210
245	282
238	207
468	497
291	17
151	329
305	212
313	147
309	466
158	315
287	186
308	44
77	419
222	489
297	95
322	53
363	470
256	438
503	450
456	373
456	283
318	35
279	235
331	73
263	67
226	373
178	238
404	507
300	33
518	442
343	445
322	265
302	9
341	110
147	326
295	514
179	358
299	56
221	168
445	298
365	138
410	316
317	515
435	351
397	219
138	403
310	97
180	322
272	258
323	125
297	166
514	391
321	227
157	278
313	28
301	13
304	335
237	113
312	207
241	158
412	499
291	93
295	125
311	82
348	190
360	319
358	180
377	274
524	411
316	402
296	106
208	210
300	67
490	507
298	21
318	99
544	487
309	32
307	124
286	191
150	425
321	112
424	514
378	188
154	306
205	448
320	396
158	297
326	310
226	484
302	5
386	396
234	285
313	232
271	69
327	77
297	10
157	338
305	267
290	85
411	435
394	164
297	10
171	352
475	461
308	28
139	472
291	193
286	429
280	87
279	324
304	190
329	113
170	347
304	202
274	314
261	310
313	507
312	260
353	501
378	140
261	206
302	9
421	226
188	481
257	146
314	43
433	438
489	428
366	322
399	277
281	94
256	226
398	185
277	98
167	276
146	332
318	39
414	397
143	352
468	402
188	253
321	481
40	475
344	381
298	9
494	368
301	157
343	332
304	134
416	406
358	109
368	231
375	197
381	487
298	41
298	16
249	422
308	252
145	319
360	213
308	234
307	34
455	474
314	112
393	296
506	387
507	507
285	507
439	258
296	147
316	82
364	216
300	7
271	84
298	10
116	330
286	72
279	62
398	293
258	230
300	4
222	416
119	508
40	455
231	504
371	125
228	334
264	123
304	183
429	269
276	94
545	465
204	277
419	212
129	319
224	335
191	270
122	429
398	373
303	325
291	191
322	98
234	189
493	428
300	2
249	468
367	157
313	110
300	53
300	76
406	473
254	416
432	232
428	423
95	360
332	359
146	386
313	29
326	126
287	60
279	487
226	154
394	262
305	22
433	484
536	415
255	372
300	9
301	125
319	396
124	422
344	390
277	429
450	309
320	73
370	223
389	236
345	125
192	336
281	180
279	73
418	392
139	379
349	209
357	266
312	23
299	13
322	104
486	480
306	78
372	163
314	207
215	261
276	62
7	513
413	511
131	420
264	112
190	253
322	155
202	274
251	158
162	259
315	30
326	209
327	125
457	424
291	85
308	124
263	77
347	108
181	228
285	345
320	59
319	57
300	5
301	14
281	53
244	213
398	366
332	219
363	225
407	404
328	138
183	467
334	358
298	25
342	381
487	443
478	394
274	127
437	301
309	372
207	170
285	28
285	64
387	301
527	397
297	256
358	161
65	458
302	24
410	308
124	503
318	180
272	112
294	224
315	446
83	517
244	132
230	235
302	117
232	238
472	433
419	371
314	90
289	41
315	60
360	148
163	391
252	106
313	100
287	397
31	478
398	411
199	206
335	335
243	190
251	287
288	232
326	222
303	365
286	494
164	418
90	406
254	416
326	514
138	470
476	371
250	296
463	358
303	42
299	21
372	399
185	222
306	14
218	466
488	485
263	488
307	267
194	246
311	289
259	155
286	177
320	126
294	36
271	137
336	235
409	221
297	171
515	501
176	223
114	437
352	244
424	284
342	474
344	280
282	65
283	37
522	425
43	479
122	354
443	403
142	377
350	93
278	170
238	112
312	22
264	355
193	236
297	338
258	96
437	261
300	196
300	2
493	398
327	64
318	276
374	164
138	518
257	186
81	439
459	382
487	332
151	330
323	84
391	392
276	70
79	474
387	210
363	380
231	188
247	262
390	195
402	332
253	296
199	219
286	69
309	278
437	497
104	366
215	464
343	79
277	139
300	2
297	20
476	379
389	312
199	245
175	404
414	431
227	357
310	202
466	402
311	90
263	142
303	77
139	382
253	448
334	235
289	23
297	23
383	513
242	384
68	479
303	9
199	235
200	361
268	252
213	248
339	247
177	430
208	371
194	299
163	489
198	338
292	21
223	357
405	459
480	371
173	266
381	175
300	28
341	234
270	235
204	235
285	60
348	215
308	20
413	322
498	456
182	494
294	66
286	242
445	364
147	436
323	405
447	388
473	377
323	287
246	207
79	451
373	366
232	352
311	264
224	158
300	42
456	500
179	313
285	111
195	487
305	16
300	67
159	416
372	229
189	305
542	497
286	282
185	507
507	395
105	379
307	89
459	508
433	346
240	251
410	260
168	331
160	508
258	432
430	269
111	417
267	110
285	40
88	441
320	45
312	342
455	435
302	69
320	390
296	21
206	300
399	428
296	259
339	202
63	449
287	91
372	167
338	110
299	216
455	271
292	392
268	63
294	125
336	109
249	214
503	397
287	37
526	399
163	327
303	54
391	245
397	306
375	211
293	35
255	198
466	380
221	181
289	189
328	106
267	518
282	67
346	81
302	6
206	453
319	270
356	169
359	133
507	513
286	423
284	503
290	28
304	72
244	292
330	124
424	229
174	427
404	185
292	46
180	243
532	414
110	440
266	326
278	48
267	103
476	456
453	344
267	88
288	293
344	292
191	402
289	172
299	40
254	359
358	124
159	364
312	237
268	302
347	101
61	433
396	431
265	65
434	242
437	258
334	138
291	161
441	323
378	178
402	283
238	282
361	496
286	99
535	488
422	292
406	425
300	204
108	457
252	303
334	124
312	164
260	320
431	332
309	374
309	235
222	177
237	410
295	158
339	108
399	262
282	151
384	147
293	56
312	45
441	371
280	43
262	129
377	177
417	440
329	76
286	369
155	334
300	1
208	241
430	472
330	77
253	106
281	38
162	392
296	313
306	12
277	72
319	42
285	86
360	273
364	123
297	38
344	86
122	376
421	231
456	386
493	380
249	242
276	89
504	384
355	415
298	91
330	257
252	143
229	495
285	114
249	210
437	479
460	457
149	481
254	122
231	264
248	232
197	215
370	199
290	345
266	181
290	231
420	385
353	287
511	467
306	164
315	41
286	288
231	466
202	391
318	164
285	113
115	378
372	392
329	55
300	8
317	64
222	350
401	513
348	220
201	177
179	350
310	86
410	361
80	407
375	203
221	225
481	498
439	338
230	142
294	358
520	503
243	195
412	271
320	160
422	229
308	44
503	354
344	186
256	235
148	272
398	183
304	9
367	152
301	4
297	252
306	263
301	4
388	492
361	146
457	431
338	509
239	400
292	85
353	197
324	155
198	374
306	15
322	56
133	485
362	170
309	257
312	41
448	343
295	11
381	404
75	468
444	440
392	389
378	191
284	209
318	165
401	304
203	178
299	6
326	70
202	239
191	489
365	183
278	460
292	59
286	115
357	309
524	418
349	416
167	272
279	229
305	18
416	480
406	425
282	81
327	469
353	219
301	4
284	47
300	6
338	245
164	372
231	222
180	217
415	208
319	87
298	16
304	90
373	324
84	420
362	332
384	168
298	25
553	498
299	6
256	125
77	474
361	121
288	225
261	138
461	455
395	254
166	408
269	162
274	326
338	73
236	229
402	394
80	472
389	223
341	401
286	71
136	358
404	296
434	411
273	313
259	100
383	245
290	276
298	151
465	287
176	311
378	482
345	373
475	329
519	392
302	61
324	61
167	293
310	50
252	93
398	474
223	230
241	336
329	161
487	409
87	378
34	507
300	25
368	150
379	330
286	54
333	60
346	341
501	353
305	33
307	75
361	244
300	2
291	323
320	49
291	27
352	112
300	4
327	408
302	31
550	483
320	190
244	211
453	489
152	467
522	507
452	415
231	289
305	43
301	102
297	11
281	69
374	366
279	138
423	303
318	503
338	330
460	344
237	129
421	467
380	464
319	107
283	92
312	85
361	288
276	102
271	102
195	455
118	401
287	33
420	499
272	489
467	386
304	20
214	178
313	455
431	494
133	423
240	154
163	465
56	430
128	474
334	239
239	111
459	471
382	215
258	145
300	45
244	102
153	368
159	286
288	173
209	375
300	320
367	124
303	18
286	43
280	36
230	167
284	364
324	158
385	322
307	405
491	482
151	367
348	293
293	14
323	246
353	95
321	65
390	160
291	500
89	391
199	433
57	447
367	391
251	94
310	35
170	269
376	170
368	446
370	291
352	292
84	503
559	455
255	156
178	313
383	359
288	106
455	303
295	82
129	340
218	376
301	3
254	193
358	209
352	98
196	486
169	461
384	240
347	332
385	183
298	84
273	216
93	421
285	511
354	444
286	317
509	459
242	212
307	151
329	341
85	464
235	115
178	248
286	221
409	330
308	222
490	332
386	329
278	297
399	336
291	73
327	48
311	119
340	258
70	414
407	193
93	412
288	35
235	327
177	378
221	502
301	13
364	143
241	346
236	148
363	220
271	207
295	39
459	494
457	299
383	204
110	500
385	320
188	419
247	128
475	319
244	270
286	41
300	15
288	35
303	34
262	78
391	446
298	30
306	60
302	8
341	86
234	339
211	185
253	489
141	460
237	124
232	491
312	222
287	97
288	27
337	138
270	61
259	333
532	418
194	328
120	410
114	397
193	263
184	246
347	376
196	450
242	132
230	308
407	319
246	179
302	20
327	49
248	93
416	347
376	159
374	377
258	261
259	224
382	166
282	203
352	209
448	425
102	498
369	219
298	19
332	62
215	320
336	69
305	219
289	72
222	149
295	14
398	256
283	324
198	375
299	273
283	112
391	226
348	214
246	295
300	47
225	155
411	294
228	464
357	120
177	382
249	168
368	228
318	115
306	51
328	122
307	45
461	326
286	206
302	9
241	362
415	243
405	478
170	332
269	103
240	115
154	341
317	80
444	301
306	16
269	92
389	158
322	507
554	463
179	423
255	169
172	339
434	495
217	270
288	39
326	410
198	352
287	201
287	74
319	66
400	189
281	281
189	216
145	353
316	42
120	376
326	267
364	341
172	248
322	371
208	202
300	2
305	91
101	466
265	167
306	17
531	407
325	59
242	345
182	502
589	512
479	371
368	158
297	26
251	242
354	114
291	39
239	254
311	78
343	361
392	270
290	332
298	69
85	505
185	410
273	203
243	421
336	319
227	319
328	97
345	100
147	492
464	446
327	516
330	54
311	33
197	330
205	322
533	503
166	380
353	177
368	180
290	73
477	345
272	436
470	407
300	30
316	49
243	138
289	61
325	83
474	424
292	155
221	184
289	38
260	86
276	43
522	416
254	99
198	283
302	9
386	209
322	72
196	284
306	169
245	174
330	85
200	273
274	447
344	284
435	356
360	345
236	316
332	305
231	123
448	279
251	451
263	230
320	176
225	267
265	91
53	452
334	73
408	197
82	418
371	381
263	293
253	346
245	387
166	239
557	474
386	500
505	366
281	258
411	362
306	367
330	156
299	26
179	261
303	39
259	99
281	38
295	157
415	318
217	224
300	90
386	218
306	156
369	304
291	387
350	406
423	300
333	81
164	298
295	219
366	158
208	496
326	151
152	510
334	339
212	328
457	416
291	198
449	370
293	210
377	392
468	515
351	468
320	493
255	448
272	485
202	484
303	46
250	238
486	394
293	39
253	86
347	183
457	288
551	442
158	309
303	77
277	424
350	138
328	56
259	86
245	129
335	85
458	350
330	215
271	85
347	281
362	364
299	40
280	44
392	284
100	478
360	352
361	383
93	396
349	312
281	233
273	141
362	185
153	275
397	175
326	157
310	107
326	167
265	430
327	329
407	415
324	75
393	343
254	181
259	281
317	41
328	416
326	118
289	31
322	46
170	309
205	170
306	151
233	502
363	315
240	347
350	184
85	385
307	350
364	212
340	133
184	418
287	76
203	272
320	177
160	245
234	227
359	355
351	347
285	42
477	362
277	338
366	167
157	266
284	405
284	52
187	375
340	122
323	50
299	119
147	333
323	210
278	374
356	466
304	151
361	464
377	479
298	16
502	441
308	30
257	319
294	365
299	126
278	152
300	2
343	377
248	209
284	187
311	56
427	231
140	435
286	26
527	509
84	510
140	437
454	390
281	53
390	242
249	193
440	282
75	420
304	373
314	94
391	432
224	509
236	135
273	167
308	25
172	478
265	164
133	489
261	229
323	469
215	487
247	172
458	299
294	131
270	203
312	497
284	478
210	214
397	183
279	48
318	123
248	182
322	96
211	258
346	147
271	85
321	264
430	335
363	177
536	428
230	238
298	307
251	97
112	401
270	319
217	149
244	212
322	61
297	37
466	451
328	83
348	163
429	405
300	3
150	287
376	384
323	57
246	456
111	366
333	95
333	208
207	170
241	343
500	374
256	352
312	222
76	490
388	229
39	514
155	424
309	54
529	422
262	72
347	416
277	179
192	432
244	313
181	326
36	468
116	462
76	514
297	24
280	290
139	280
417	327
472	358
342	293
264	391
410	310
277	208
258	293
273	174
287	377
486	384
299	142
112	487
243	382
46	507
386	224
113	356
408	195
368	123
285	49
413	332
265	71
183	388
216	446
345	288
354	212
258	74
213	300
287	80
480	323
200	183
318	352
318	127
171	234
344	227
230	494
308	128
415	329
309	61
376	322
285	113
298	17
26	504
346	257
144	442
396	265
221	208
207	164
278	124
67	436
101	441
271	247
325	48
330	405
530	421
284	105
135	340
109	428
258	511
281	67
353	287
116	492
221	174
355	241
304	122
461	488
312	86
256	91
338	185
360	235
260	192
294	168
291	458
312	58
319	129
410	278
331	67
278	170
309	110
299	345
396	215
206	280
357	181
495	367
223	489
441	427
156	325
294	45
134	459
259	326
292	398
43	462
254	203
211	311
121	335
167	381
345	178
300	99
129	464
238	207
563	479
264	357
371	146
455	416
244	249
280	442
296	25
318	75
250	461
510	385
379	142
302	60
300	29
254	103
318	48
312	48
318	94
320	265
330	164
295	69
305	95
490	355
315	40
311	144
207	164
354	116
360	294
370	138
255	153
249	272
301	8
204	265
319	102
167	268
377	136
58	423
206	209
292	36
297	106
95	483
278	83
336	139
467	293
374	322
378	472
183	367
286	67
355	177
228	153
343	185
364	229
482	334
402	228
313	73
474	505
273	154
326	59
286	500
223	327
300	15
360	322
304	105
193	515
178	345
322	287
308	70
350	109
521	423
240	120
326	339
173	471
317	52
301	32
439	417
397	429
208	449
320	69
280	112
285	336
321	142
296	13
368	136
381	159
293	33
288	57
246	468
313	72
292	26
250	171
320	282
132	455
393	314
384	493
220	432
445	367
210	346
277	176
333	125
367	276
276	45
195	479
306	422
339	314
302	301
267	115
307	115
304	455
382	169
419	274
37	465
380	396
359	300
476	321
97	390
280	113
315	96
329	120
129	400
378	248
397	206
301	34
306	130
400	415
298	463
331	67
587	515
170	386
298	36
191	266
261	300
231	150
325	103
208	448
259	84
395	491
249	299
345	317
312	304
158	451
272	231
255	472
331	97
302	69
311	88
314	117
132	384
343	261
87	500
274	379
508	483
291	164
318	261
261	181
292	54
236	408
338	188
278	107
290	234
302	359
501	361
308	191
228	236
275	162
170	275
200	284
205	210
524	409
299	15
278	267
522	481
452	512
463	300
300	120
321	38
263	212
93	408
337	98
398	517
474	340
233	229
326	131
281	145
515	424
233	230
476	327
270	113
85	410
20	489
321	112
231	180
285	375
292	15
161	326
191	367
246	186
394	204
378	167
293	284
330	86
302	26
186	340
198	254
215	153
277	243
416	338
251	222
289	31
425	404
317	164
300	42
346	107
360	341
281	376
293	47
377	140
295	12
395	476
171	332
260	240
336	173
150	494
294	177
384	262
324	310
260	316
235	115
269	223
284	74
389	400
386	331
381	216
315	282
430	384
291	286
268	95
210	185
162	344
290	43
39	487
335	234
279	164
114	516
473	416
406	313
196	362
236	192
459	417
286	40
303	48
257	105
245	149
365	157
344	99
312	131
333	205
295	10
302	9
366	391
368	487
300	6
245	183
331	61
403	481
296	16
267	234
382	225
323	208
129	312
293	137
231	274
220	216
331	100
78	402
386	168
310	25
345	480
241	384
250	330
300	4
226	421
157	259
326	390
291	22
234	125
503	385
323	274
479	429
284	394
526	424
313	54
245	99
151	501
467	425
309	82
290	492
242	140
168	246
309	278
365	357
280	37
310	30
292	425
118	484
172	347
126	325
287	41
246	398
410	325
407	405
235	267
329	199
255	196
304	137
297	7
326	163
402	242
537	483
231	424
228	479
192	280
107	507
307	31
306	313
196	367
262	121
250	502
353	283
486	464
305	65
302	190
302	413
309	29
227	382
291	265
238	124
288	49
253	152
299	8
260	153
488	387
462	345
242	342
369	231
500	386
306	29
233	288
320	254
99	398
299	9
140	333
379	179
255	336
413	364
216	164
353	179
317	34
417	222
251	125
346	134
330	519
262	186
379	223
223	158
292	49
341	80
341	130
267	128
244	104
323	47
157	382
304	22
232	134
213	261
301	92
185	297
379	158
274	53
306	20
317	99
178	404
343	406
432	409
116	372
421	254
369	325
306	125
528	472
145	358
274	163
117	436
193	312
205	447
300	2
310	115
289	104
477	358
321	69
304	16
349	391
280	182
236	385
450	350
340	187
279	132
295	35
264	291
247	400
316	80
273	148
301	8
326	61
311	403
329	196
366	125
33	464
346	101
387	261
368	139
336	329
442	312
229	337
256	104
254	119
287	315
333	141
283	37
263	362
404	258
304	236
305	11
330	341
395	300
396	196
377	164
317	347
360	157
266	332
295	88
156	308
362	361
403	214
408	478
338	284
122	319
305	61
300	111
322	259
265	101
306	43
367	154
363	128
247	251
410	232
419	494
219	205
239	112
349	363
176	248
191	285
197	334
162	355
299	6
286	36
196	414
243	409
452	301
134	360
253	85
498	430
168	252
192	198
251	122
342	87
70	490
299	7
506	374
305	130
375	369
237	181
409	286
292	15
300	15
210	482
173	270
67	423
277	54
289	80
350	402
170	499
293	468
301	474
279	474
461	436
280	248
582	519
441	403
220	516
224	257
283	175
197	261
361	166
233	189
349	95
443	489
380	382
354	396
218	196
81	382
320	60
397	390
309	132
509	435
339	161
300	243
335	64
188	218
131	336
283	108
305	255
438	420
279	67
346	125
408	306
312	29
214	194
85	490
247	98
193	255
247	132
174	368
92	377
289	112
337	160
187	511
246	243
388	260
246	215
327	197
338	95
104	478
359	185
285	34
171	280
255	265
139	378
432	386
213	193
320	115
541	515
301	9
183	247
357	343
368	137
493	499
265	362
199	270
319	73
172	287
258	463
351	280
310	141
254	173
486	408
435	362
320	76
337	73
429	495
256	173
316	219
292	453
306	67
311	85
300	5
238	139
363	303
258	130
299	442
288	122
189	243
143	336
414	424
191	503
487	441
548	472
291	48
74	482
298	55
393	425
300	8
466	305
494	422
357	134
384	365
268	113
295	21
275	295
410	402
182	221
36	465
358	224
219	280
371	287
95	481
264	134
125	437
264	102
351	323
376	151
45	517
242	111
391	419
279	429
376	338
415	463
217	410
398	201
340	414
299	357
238	124
313	227
385	403
420	410
372	296
327	272
276	151
307	190
490	344
261	345
290	158
336	121
338	116
302	16
339	85
312	47
448	482
461	476
279	182
307	494
301	315
530	513
425	272
217	420
95	426
330	230
291	28
510	475
438	262
405	219
271	302
349	507
230	156
354	261
410	198
261	330
302	5
252	211
295	42
277	49
363	159
334	76
291	54
567	498
366	130
320	161
409	369
98	494
155	393
270	332
329	200
391	257
307	54
431	311
248	99
333	138
388	294
254	195
382	207
294	15
390	459
420	218
244	277
334	437
329	356
440	421
375	156
306	343
379	468
309	24
169	513
427	295
339	81
370	158
342	164
344	218
387	358
378	338
125	486
230	209
354	342
343	231
405	230
447	448
302	9
393	338
270	286
150	383
300	201
153	483
291	74
338	176
358	137
252	354
328	113
307	158
218	304
284	223
299	24
317	239
208	414
290	83
251	431
358	184
197	334
374	242
184	303
299	401
288	227
432	500
342	182
308	58
398	360
321	47
483	360
410	324
404	361
289	141
182	226
435	287
271	129
221	145
321	410
366	177
201	325
289	21
565	494
306	40
320	94
322	145
460	383
300	22
195	184
534	417
188	242
224	314
283	333
294	19
464	481
188	487
390	187
312	119
157	375
340	117
308	111
121	410
349	122
271	184
304	22
408	354
288	68
256	358
279	117
195	353
262	293
311	35
332	375
337	254
293	397
227	260
313	292
245	403
295	48
354	165
291	345
317	256
37	519
131	378
379	345
299	61
298	335
368	191
248	225
140	429
255	175
248	149
119	319
136	393
190	378
286	47
190	315
92	467
340	378
289	23
112	333
423	481
184	389
424	358
242	450
233	384
331	81
379	420
275	88
300	2
260	85
302	181
429	455
520	509
425	246
295	19
295	269
412	356
260	347
392	215
294	61
97	454
435	265
222	337
314	190
289	44
552	516
385	254
257	104
364	283
217	438
261	447
284	471
198	408
242	332
317	60
239	187
396	257
256	106
396	384
310	56
241	355
184	282
237	412
62	421
303	52
253	432
300	119
266	254
408	279
341	201
338	229
449	517
282	34
294	143
278	358
331	462
101	367
262	434
203	347
396	312
300	387
203	417
409	500
441	464
347	435
240	354
303	11
270	241
172	513
291	45
146	398
265	461
416	222
278	137
393	322
334	80
204	258
382	220
323	54
236	207
266	261
164	490
328	426
518	494
514	407
505	468
252	259
341	80
388	178
371	227
353	425
88	506
245	125
336	487
297	69
257	509
151	274
268	120
362	339
302	93
370	157
449	496
312	169
362	304
477	440
194	374
292	31
315	145
204	232
290	30
360	164
197	255
312	66
290	191
275	233
148	460
81	385
289	409
307	28
361	141
254	239
437	264
190	255
326	141
289	131
339	101
491	370
361	410
308	20
213	499
266	134
313	62
546	439
242	169
219	246
297	71
229	395
198	455
145	396
287	26
357	274
267	80
344	417
440	465
127	442
208	327
307	360
296	106
101	437
287	112
198	425
276	60
501	418
308	30
201	230
399	477
199	192
310	21
379	187
117	327
493	346
305	137
295	106
268	93
492	464
277	430
256	474
380	148
270	298
349	233
300	20
255	118
450	359
295	63
368	377
342	348
573	474
104	458
279	55
351	364
430	481
412	351
417	302
264	88
331	222
185	423
209	492
367	152
333	474
312	109
204	314
339	149
321	323
286	498
437	242
324	331
166	359
300	44
178	441
288	40
277	236
135	472
302	22
134	373
282	50
305	133
493	509
337	109
353	137
473	330
247	500
237	491
358	266
372	422
299	16
404	245
249	459
280	38
320	45
307	298
334	90
440	460
232	151
271	203
289	403
294	28
554	467
315	98
366	176
251	399
507	448
251	178
195	338
307	115
129	309
312	278
254	359
223	488
287	319
271	235
301	8
392	246
300	84
454	419
175	244
284	176
199	230
318	97
455	299
434	445
345	155
245	170
353	514
352	113
285	103
306	105
206	375
294	46
391	274
226	243
216	279
380	225
196	200
403	305
300	31
299	6
284	143
378	264
277	287
332	59
167	300
235	267
349	431
374	360
290	65
150	263
138	413
307	40
350	197
344	381
380	327
259	173
273	361
330	229
547	461
476	335
80	437
278	233
304	55
250	189
336	71
355	417
300	20
318	66
214	457
212	249
438	241
315	188
460	518
320	106
310	377
306	73
361	312
279	278
301	11
299	12
313	154
442	415
236	118
306	23
200	283
341	145
309	71
322	478
411	244
396	202
257	95
334	88
290	187
268	229
300	65
423	334
253	367
488	471
428	233
134	325
306	29
179	243
184	257
310	194
236	224
322	238
407	202
557	487
300	33
273	186
489	420
342	196
357	155
318	254
248	186
250	144
278	75
365	183
280	60
507	512
442	319
287	42
325	48
215	160
192	291
517	390
363	240
292	16
190	416
288	54
401	403
239	134
304	9
324	373
288	118
253	152
208	390
348	468
494	410
504	425
415	351
454	321
241	476
397	326
279	250
303	20
282	33
355	516
400	206
370	123
270	123
552	507
123	404
234	158
349	413
503	429
481	386
338	364
272	155
278	103
438	480
344	274
99	485
474	322
297	12
287	48
410	443
497	448
329	66
205	247
221	306
171	277
316	185
257	425
353	240
170	280
295	84
128	380
219	188
301	7
123	493
299	10
267	236
258	106
258	135
305	86
555	481
292	405
289	45
321	203
315	395
80	467
374	192
250	500
433	233
349	177
259	498
392	205
314	419
391	183
371	215
195	215
284	60
164	365
280	471
293	112
173	483
223	500
107	491
504	397
136	405
318	490
222	510
121	467
289	37
328	94
275	221
332	149
383	360
383	468
315	35
259	443
322	98
320	384
97	501
269	128
421	370
307	243
214	217
310	108
150	416
301	393
413	360
160	464
181	463
280	223
172	245
276	410
155	287
332	143
180	470
355	247
295	314
223	404
380	184
413	454
281	41
208	319
107	514
201	219
89	510
265	73
274	95
328	58
352	105
538	508
474	349
300	68
408	298
167	318
298	10
205	355
397	306
300	91
379	383
300	36
268	80
349	456
304	138
386	187
92	515
382	244
381	301
289	44
133	341
282	390
276	144
157	296
32	514
341	455
140	456
260	216
294	318
307	229
280	284
295	13
203	461
240	491
282	237
231	159
283	81
299	14
317	55
497	513
271	314
298	8
124	408
380	183
252	145
111	459
339	260
215	189
261	194
367	371
402	231
315	54
292	87
67	491
389	237
234	216
207	401
459	383
247	161
502	429
357	209
131	327
565	502
443	395
42	498
198	223
311	26
217	182
264	106
278	99
339	348
343	337
387	222
270	237
71	483
337	296
146	470
208	482
320	121
211	403
211	185
80	438
443	263
188	235
283	41
319	54
163	429
232	158
261	113
219	181
375	368
270	104
160	293
84	429
247	150
310	174
312	199
469	445
306	15
257	112
250	188
334	77
310	130
228	189
308	374
402	305
499	513
232	158
300	11
271	407
267	141
123	496
248	112
496	510
234	442
241	137
280	442
261	73
310	55
316	48
517	513
304	116
291	116
180	257
380	245
296	11
347	124
329	407
370	204
433	354
412	339
131	499
246	261
257	165
440	340
289	199
221	328
173	332
302	53
304	139
220	144
258	222
312	46
501	497
472	332
260	258
313	65
354	402
344	503
152	281
411	319
158	352
293	26
281	103
239	358
423	394
276	49
318	54
320	400
304	60
101	448
296	322
298	351
301	5
195	183
289	176
560	490
295	16
53	448
192	266
267	248
311	99
131	331
197	188
40	470
368	133
300	188
27	481
198	354
418	389
364	180
239	343
187	331
343	133
431	496
65	470
456	280
350	447
480	436
304	74
298	5
414	477
213	268
410	359
124	465
96	426
310	54
410	241
300	22
274	60
211	317
109	332
283	158
269	337
293	361
165	327
274	58
498	461
508	406
308	56
306	73
298	60
360	148
313	67
283	371
231	455
67	453
228	181
488	448
208	421
344	86
230	146
482	405
296	51
234	209
301	19
330	494
312	477
268	199
283	40
193	428
300	1
242	164
330	271
260	170
314	89
398	452
289	41
138	463
375	161
258	165
301	16
335	92
292	28
585	507
281	121
51	448
331	148
109	481
410	341
376	364
417	298
303	83
271	246
342	280
370	425
168	317
286	495
326	229
387	238
316	36
467	296
420	389
316	113
271	176
484	418
301	10
306	112
255	484
484	519
330	144
314	261
382	334
406	325
317	510
420	269
283	298
296	268
390	221
429	430
276	209
292	48
12	513
472	316
155	272
193	244
342	311
320	51
262	87
298	345
201	192
275	475
251	138
233	147
395	255
227	165
331	152
232	500
208	463
345	467
151	287
279	94
294	32
79	516
244	106
347	105
300	2
326	80
67	508
311	81
271	227
351	224
406	390
558	513
301	22
303	72
449	448
487	408
402	468
267	97
382	149
303	28
203	290
272	54
479	364
199	422
362	314
326	228
398	279
472	452
493	350
221	311
298	43
194	197
219	171
349	396
324	94
277	86
123	489
456	461
414	219
189	306
522	461
398	440
273	438
309	27
451	378
288	364
161	329
294	104
259	82
183	220
142	324
318	41
255	125
199	255
427	286
349	339
257	91
218	500
442	274
270	54
293	25
517	464
331	408
299	28
397	401
110	382
306	149
394	282
297	292
192	351
290	66
163	341
320	41
250	112
482	474
311	197
247	249
291	34
325	337
231	270
405	203
324	195
454	388
200	323
339	115
325	381
265	102
250	251
412	482
392	230
337	307
270	405
306	33
245	384
470	443
267	240
362	474
238	172
207	205
220	222
424	425
237	416
283	210
102	503
308	15
163	504
284	31
376	370
269	303
298	205
234	342
293	314
340	128
234	509
256	406
308	103
394	354
299	482
258	107
420	485
353	224
292	24
267	92
357	428
402	413
344	101
189	339
229	297
304	33
369	492
237	287
309	58
191	352
207	326
342	344
424	303
320	313
290	123
495	470
403	293
298	43
446	260
241	119
273	428
300	116
303	16
345	286
381	271
461	299
265	100
443	409
370	483
286	28
267	356
281	234
445	313
284	308
367	368
192	216
296	37
276	232
322	283
278	210
211	275
199	312
399	296
280	373
463	286
526	492
324	461
385	319
307	252
380	271
231	476
18	496
253	239
395	248
417	259
189	376
376	345
338	257
273	492
226	144
456	409
237	186
300	3
287	64
435	327
313	423
297	176
309	204
232	350
454	313
342	105
304	63
217	290
171	501
231	154
57	476
226	170
300	65
505	409
513	412
351	120
286	27
327	222
301	22
296	451
161	380
422	360
200	209
501	481
340	233
289	385
319	36
341	169
321	142
226	252
292	36
133	425
82	384
494	435
152	339
288	61
271	79
231	139
184	442
323	63
176	509
257	494
262	100
314	319
385	207
326	259
376	304
288	61
318	235
258	248
94	432
507	424
160	316
353	274
355	101
331	60
229	249
199	443
387	229
278	106
345	176
194	349
296	51
256	173
487	428
363	299
271	114
251	207
158	349
511	412
473	329
186	306
379	332
374	222
531	463
344	232
393	422
300	15
492	377
248	283
334	421
346	192
355	177
301	9
255	100
291	110
395	207
353	241
364	124
553	453
299	142
330	126
394	430
222	312
277	319
366	179
357	215
455	302
224	244
518	388
315	54
284	47
420	389
298	66
492	422
419	430
252	236
308	49
246	297
328	235
191	283
290	246
341	423
249	346
451	302
253	88
278	242
354	133
300	4
410	231
119	434
96	467
74	403
377	213
295	15
371	215
385	179
402	439
404	227
121	326
125	450
265	138
358	173
353	106
489	441
284	46
205	513
315	119
291	89
557	455
237	405
407	465
353	190
297	68
503	458
375	397
233	330
420	402
241	116
363	236
290	481
367	172
343	249
255	101
284	247
293	15
567	505
120	406
508	493
277	68
330	192
157	371
183	263
134	429
369	338
427	371
320	271
49	498
188	229
324	60
398	421
290	64
289	367
300	2
369	479
493	428
313	135
249	237
295	23
292	19
400	256
112	465
323	148
22	499
233	154
315	196
164	418
403	203
405	387
287	44
413	232
354	409
292	85
384	317
311	21
321	52
89	377
270	99
307	169
172	262
231	133
301	242
318	111
415	318
288	410
401	470
232	151
367	190
290	317
427	250
208	389
102	377
243	211
389	413
194	495
265	388
212	409
313	51
146	477
255	314
274	219
345	235
225	280
371	154
245	200
187	224
141	334
150	418
187	224
392	449
302	82
277	70
246	146
148	351
425	244
354	184
224	237
154	267
301	10
133	293
161	501
330	156
373	308
325	184
255	102
165	237
265	326
386	177
143	281
283	145
316	225
283	271
124	386
284	32
407	329
446	271
314	284
210	442
356	134
432	366
228	514
303	254
290	41
263	145
193	424
76	417
393	194
295	22
287	326
328	350
395	280
300	1
185	455
246	290
392	181
298	73
389	208
275	51
266	162
279	91
246	96
313	296
127	429
443	282
505	378
401	506
240	291
149	493
74	446
221	161
294	89
303	350
307	164
68	467
317	224
285	237
171	264
70	507
143	448
360	112
305	46
295	51
296	50
184	418
227	343
242	408
111	424
343	215
279	118
86	441
284	334
335	478
65	416
404	312
366	421
306	14
173	289
447	364
138	413
310	32
203	189
309	80
279	44
252	200
509	415
367	439
348	106
360	153
371	209
403	278
194	346
386	394
250	131
385	275
368	403
286	397
66	423
302	5
429	516
318	224
240	479
304	86
358	443
250	125
310	274
422	287
260	493
507	425
502	468
57	449
384	490
449	265
296	15
435	272
437	493
357	397
291	246
270	70
139	322
383	223
343	228
122	349
346	224
310	269
352	105
383	174
309	42
294	75
227	216
308	258
296	72
339	160
374	248
136	487
335	189
376	364
177	250
331	192
298	200
366	313
115	380
375	446
265	222
415	233
79	421
369	143
247	185
354	350
237	298
262	216
384	210
260	333
220	484
62	426
220	174
108	385
474	373
249	297
249	99
316	84
453	422
295	18
124	371
337	242
242	130
367	221
302	9
254	82
435	243
64	436
280	43
340	270
302	6
365	150
273	137
51	436
299	30
332	112
402	386
285	179
303	13
238	154
258	481
152	417
233	308
273	188
248	242
250	95
494	455
185	316
365	494
330	497
311	159
411	468
76	451
208	519
373	363
335	274
280	187
205	207
182	507
281	131
419	374
357	120
255	153
217	367
162	488
331	69
511	392
348	157
293	316
461	297
292	192
304	59
213	264
386	195
384	232
301	3
233	153
282	164
298	14
376	207
39	468
347	237
494	429
251	94
221	248
324	346
537	429
455	309
286	66
527	448
353	371
246	97
277	79
113	380
329	146
303	292
279	471
299	187
302	7
417	252
309	20
457	284
356	125
316	60
237	250
264	272
72	500
484	459
303	141
303	19
120	501
294	21
282	81
25	492
216	418
177	298
406	272
346	239
312	58
241	151
305	411
193	271
330	388
337	143
269	188
399	304
336	190
287	31
267	72
301	33
322	151
321	338
386	187
293	20
326	513
285	146
422	275
310	48
296	27
324	138
319	62
297	504
278	85
342	413
292	42
310	19
468	412
457	495
311	220
240	358
292	326
216	475
416	300
458	468
282	297
388	225
288	100
219	187
350	239
243	128
430	307
266	405
180	214
413	267
279	46
415	380
304	25
380	377
184	336
171	346
305	177
203	285
311	338
477	395
470	437
515	500
288	363
321	130
390	471
207	190
415	449
298	18
300	15
463	494
230	129
211	459
238	129
315	165
273	216
173	426
345	172
285	73
332	121
235	492
279	52
241	484
361	215
294	24
448	375
159	477
281	152
281	365
456	383
298	235
384	298
352	166
206	398
291	42
361	131
250	351
318	459
284	87
286	319
419	334
545	509
331	89
387	172
443	299
342	76
279	86
524	413
321	63
460	416
447	371
316	257
314	149
414	479
355	136
300	32
274	210
272	69
273	78
175	378
301	5
334	164
270	99
294	92
399	418
278	423
264	194
334	140
376	269
261	83
305	361
300	249
473	460
198	461
237	141
309	38
294	16
389	348
434	282
285	71
296	51
277	86
291	18
437	407
395	233
262	121
526	423
257	78
303	13
300	95
460	381
256	166
466	461
286	134
244	233
507	471
80	481
326	97
328	99
533	429
387	222
367	412
312	136
384	381
425	293
440	378
373	384
209	174
291	129
269	222
238	188
339	129
296	17
252	281
195	239
245	118
300	282
289	408
264	131
251	487
267	489
178	415
464	302
261	170
271	308
354	379
293	29
247	379
174	242
381	443
431	372
206	501
210	287
133	515
140	338
353	108
418	242
390	169
299	226
306	85
308	246
300	101
300	1
364	162
444	390
161	464
61	474
360	314
368	302
306	310
499	439
341	91
327	103
354	179
283	516
307	26
165	347
511	404
435	372
375	179
284	98
319	190
143	377
451	382
200	311
421	492
394	365
357	320
299	438
214	175
334	71
454	279
388	313
415	456
227	355
331	338
253	354
225	154
342	139
308	472
327	441
415	415
288	132
357	210
280	106
187	487
110	416
427	340
95	513
241	151
263	73
307	70
450	441
298	319
442	410
308	102
296	107
33	492
331	86
224	136
267	132
116	456
319	35
178	482
306	79
337	457
327	62
505	446
480	440
295	20
136	312
331	243
277	285
182	267
413	309
311	107
221	475
90	469
300	146
403	493
309	40
49	487
339	190
200	214
290	367
395	410
305	24
452	392
411	235
195	221
281	96
306	125
281	171
298	53
298	315
392	436
477	455
449	496
107	436
394	448
315	463
274	285
347	302
261	108
461	483
163	362
234	342
210	208
102	388
417	502
442	270
287	58
246	517
324	205
273	101
335	336
404	247
308	23
293	461
309	57
319	318
454	416
335	132
340	189
513	456
52	513
391	262
474	324
273	293
364	160
289	440
305	16
376	462
385	282
246	148
309	35
295	35
277	93
101	498
337	126
415	270
369	188
245	466
132	446
142	306
354	277
406	393
391	164
285	298
548	499
181	250
135	341
434	503
527	458
391	416
228	253
238	242
188	323
101	374
469	488
242	222
381	479
426	431
303	477
63	428
380	166
343	193
198	362
39	460
299	6
266	268
275	69
310	493
388	161
223	265
293	73
252	104
239	147
328	98
281	83
245	101
516	448
251	275
321	472
164	289
321	136
181	331
351	383
385	231
259	206
228	319
300	11
201	216
405	250
432	433
360	163
294	15
474	482
323	226
179	439
197	481
269	221
300	216
559	455
283	76
228	181
365	461
92	452
227	261
477	468
310	45
552	461
44	513
280	172
119	413
222	216
256	123
384	213
239	155
285	29
425	303
193	243
293	40
479	331
368	196
436	344
250	90
397	172
526	519
338	257
342	111
249	132
274	51
300	173
313	444
368	294
358	360
88	454
421	240
209	438
364	196
388	227
349	313
361	113
303	103
475	368
319	191
195	229
329	180
274	65
213	267
94	498
365	280
399	243
225	343
226	410
343	407
356	367
286	153
406	322
276	61
342	393
274	73
296	214
370	313
221	330
215	324
152	411
229	158
290	88
92	479
360	222
301	7
435	278
282	67
338	135
331	156
296	82
398	173
300	2
318	49
252	178
198	371
208	197
351	99
496	500
248	109
391	192
435	307
190	318
400	328
356	165
435	444
174	438
256	235
517	465
258	512
504	454
112	371
296	46
167	240
287	93
297	9
394	199
283	268
196	472
171	497
373	220
292	23
197	261
229	328
299	38
322	67
138	488
364	127
364	124
408	196
319	146
138	403
352	489
452	350
297	95
259	431
187	315
333	199
361	429
338	390
282	45
236	237
200	414
270	105
323	115
352	313
421	215
480	450
330	106
329	99
213	481
343	150
356	259
501	416
435	492
339	243
303	407
255	313
155	306
297	35
418	209
389	453
285	195
174	299
456	432
205	197
191	360
283	500
438	462
261	128
211	239
197	294
444	329
305	144
350	223
304	28
323	49
293	20
313	187
223	170
273	70
288	82
299	134
229	326
319	41
82	442
304	154
543	435
215	222
324	61
423	360
339	466
332	113
250	297
332	518
90	493
274	226
237	450
152	439
398	242
102	390
77	407
319	92
340	513
313	142
172	283
163	500
79	420
461	349
6	514
207	449
338	272
183	391
179	453
297	39
322	319
338	92
177	337
306	63
307	97
318	93
286	432
239	282
439	377
502	405
400	327
347	170
277	81
200	290
365	488
363	375
91	399
311	275
246	222
315	442
263	332
274	132
300	118
364	259
256	226
359	292
123	476
254	306
383	366
353	153
427	471
273	149
405	254
294	37
394	205
380	486
358	222
331	351
279	162
277	54
394	507
293	37
477	423
469	470
300	10
163	301
296	10
399	213
275	63
215	224
360	450
477	518
375	287
300	18
234	442
534	486
256	203
351	281
296	186
353	266
230	171
219	190
280	301
325	143
357	209
315	28
26	502
276	135
397	483
315	244
228	430
358	290
223	456
204	196
401	469
291	100
323	213
313	464
339	308
301	14
299	32
335	303
194	366
547	467
286	36
298	34
370	137
291	20
120	451
426	509
315	99
216	194
357	204
324	214
313	28
338	80
406	235
299	19
315	177
533	436
213	189
304	95
266	133
263	105
292	15
418	248
179	332
131	475
413	465
100	478
441	422
296	56
325	276
93	460
300	147
433	348
96	447
339	98
348	119
304	44
446	435
301	51
147	411
312	31
367	294
280	125
136	371
320	46
421	261
202	255
340	149
278	505
303	63
378	287
310	22
268	71
250	231
483	481
386	229
269	76
437	263
230	242
204	183
222	518
229	153
238	240
310	67
414	214
377	446
228	193
369	429
340	96
371	199
454	509
478	488
339	481
402	267
230	237
342	319
301	86
358	170
333	97
300	26
330	166
213	416
185	214
112	461
292	19
381	202
118	407
308	149
327	430
563	471
229	487
285	348
202	438
370	250
252	85
293	435
300	332
306	149
180	213
253	271
158	477
365	343
296	18
134	293
365	209
397	219
287	286
168	266
473	432
472	413
367	150
307	26
60	474
325	73
377	241
386	242
248	360
312	179
309	71
255	283
300	9
322	80
191	323
292	15
232	300
290	244
124	392
581	519
317	115
271	355
231	486
299	163
307	125
413	267
278	76
136	468
431	231
430	234
265	461
118	346
273	312
355	464
267	71
275	305
141	429
169	338
288	183
211	211
337	220
449	306
259	445
350	213
133	396
387	472
497	424
263	149
419	237
245	104
288	119
141	364
77	475
261	92
170	288
182	404
401	407
291	299
355	383
221	146
203	190
294	125
300	2
341	140
303	48
442	417
294	24
509	374
191	195
307	32
309	50
306	276
260	119
396	315
353	169
288	37
196	271
221	411
455	346
358	235
210	268
198	470
287	121
163	271
60	439
299	34
226	170
233	364
302	53
505	361
339	89
333	159
443	477
177	487
467	397
232	227
406	233
317	276
445	309
347	210
285	50
466	403
300	35
191	482
298	7
122	424
226	222
329	143
235	289
306	267
287	138
192	240
373	279
268	245
124	492
372	266
362	246
226	455
97	497
304	174
271	500
387	463
168	252
190	371
392	314
377	338
302	319
200	235
186	231
299	51
309	64
303	18
323	54
190	426
281	264
142	287
298	11
235	354
286	249
305	18
184	308
216	488
478	493
326	391
336	174
381	187
493	384
248	198
304	23
336	384
292	51
329	61
324	441
252	179
244	113
150	362
341	236
404	202
440	278
291	183
340	235
370	273
395	283
344	90
556	509
299	191
394	429
281	79
270	171
160	357
292	184
365	160
345	256
161	287
457	426
265	351
229	229
489	384
214	193
255	287
290	335
529	507
350	319
318	43
515	435
326	81
139	292
296	351
299	82
363	213
215	234
336	268
364	164
588	507
449	457
301	459
492	442
459	313
178	403
405	472
123	315
188	227
301	9
312	121
285	45
176	326
509	505
216	152
271	175
544	483
216	161
347	126
301	16
236	267
218	217
261	185
317	41
574	497
384	147
304	237
287	69
305	320
93	474
282	36
450	507
372	300
185	216
300	27
265	62
318	46
409	222
368	148
266	67
298	261
354	468
300	2
278	261
267	59
380	455
329	206
204	267
498	386
559	504
347	247
237	419
297	15
245	469
459	345
306	275
213	156
233	189
442	425
228	457
348	215
320	416
225	252
477	429
239	293
124	393
379	444
272	61
284	60
148	474
297	10
331	88
409	218
194	242
326	299
295	22
235	442
288	135
249	93
314	29
318	111
271	63
184	367
536	433
220	496
292	101
368	201
254	94
330	94
306	53
471	345
326	58
440	455
183	247
282	296
186	515
255	332
301	106
394	511
131	377
87	384
222	502
394	311
248	416
305	117
300	61
292	22
459	473
447	408
154	407
346	130
310	35
318	54
300	316
207	346
318	158
431	397
136	308
293	19
216	493
159	487
286	186
366	359
222	240
309	94
316	457
358	124
531	457
375	451
409	293
302	92
420	491
337	145
228	228
237	306
300	86
344	500
252	222
262	424
199	447
417	497
255	179
292	248
136	383
239	138
317	165
570	492
213	393
290	93
487	402
310	205
296	247
478	481
239	114
349	313
339	494
259	183
320	45
224	168
273	210
283	193
309	24
316	235
415	340
279	279
469	416
457	462
438	373
405	500
241	192
405	324
292	51
419	517
305	266
305	73
291	93
245	127
264	73
137	413
287	97
373	346
294	18
332	195
331	365
253	113
438	346
211	360
284	423
406	204
299	61
325	363
302	69
421	357
483	486
319	135
419	319
353	319
132	482
277	50
184	466
264	229
314	164
294	99
529	446
439	263
310	138
347	85
57	457
363	188
466	345
355	98
60	471
357	396
199	268
349	158
331	97
277	73
134	311
298	28
298	7
205	224
366	188
290	47
448	272
360	107
335	490
313	64
300	103
456	330
205	173
535	437
288	208
166	239
435	457
306	28
528	464
479	455
301	449
270	196
236	308
354	260
303	410
394	272
451	446
417	218
310	512
202	269
459	456
301	245
475	427
302	164
308	284
276	46
393	251
117	351
386	442
342	183
305	33
375	422
300	155
339	422
291	60
447	400
390	190
438	416
127	489
144	310
371	206
300	40
457	482
404	468
46	448
149	313
360	129
238	211
318	315
303	39
334	358
276	203
435	282
246	350
311	80
143	309
303	126
193	345
236	329
384	188
328	75
333	177
282	103
237	123
194	504
494	464
196	229
301	262
267	211
201	373
260	75
87	373
295	133
429	290
188	263
262	347
299	503
337	487
267	181
345	279
168	387
46	484
339	79
368	119
295	29
381	245
393	316
323	119
294	31
433	472
303	79
314	222
135	446
259	228
118	454
237	293
332	338
268	433
183	380
323	61
300	112
490	449
95	452
299	7
219	165
302	177
124	466
322	60
500	402
274	495
309	259
95	478
396	354
263	463
39	476
132	361
391	505
336	156
91	471
308	151
457	306
431	231
301	60
200	335
284	45
290	134
392	201
368	321
296	248
204	513
306	162
271	152
406	466
230	280
322	64
304	17
403	333
261	86
439	297
247	490
142	419
394	384
306	311
327	64
91	426
280	201
319	416
181	234
365	292
368	446
252	209
339	474
177	511
127	304
416	460
479	446
332	311
261	192
261	333
310	49
127	334
307	312
477	473
381	437
430	320
105	484
291	452
186	387
272	274
383	186
207	322
324	74
421	259
321	114
127	493
349	413
332	324
397	228
297	465
239	149
359	287
267	489
312	109
386	269
286	184
415	293
381	176
306	135
289	380
286	46
28	507
335	369
431	332
338	82
256	125
358	184
231	156
280	41
374	215
271	490
308	25
338	78
340	121
420	251
300	2
288	85
318	420
311	114
276	175
201	180
310	236
280	54
296	9
100	357
221	279
30	479
215	211
316	125
279	112
294	31
242	189
17	494
349	144
167	402
341	380
381	161
273	291
313	48
340	177
492	435
323	477
91	454
232	290
299	127
362	183
261	178
193	475
552	471
266	61
331	79
387	468
286	455
338	317
208	224
193	265
279	74
393	375
269	100
372	206
318	343
355	103
444	261
325	85
315	93
484	390
165	272
389	339
384	149
327	261
252	170
388	298
318	453
518	480
115	358
318	47
262	211
291	131
156	289
269	75
332	412
235	238
116	387
225	153
299	296
293	446
136	370
412	455
287	469
324	303
266	344
338	429
284	30
177	280
146	461
200	300
413	293
401	252
332	493
222	240
313	168
321	117
483	437
126	403
326	318
298	6
309	61
264	144
182	444
321	444
274	67
481	316
377	188
350	427
247	231
545	426
299	30
280	212
321	80
337	72
200	187
56	463
459	463
373	397
314	28
375	175
285	40
296	58
324	303
246	294
316	287
260	155
466	298
109	455
293	277
271	54
429	262
165	264
297	9
306	52
428	380
223	311
290	195
296	141
329	106
314	42
152	426
482	458
450	300
178	235
453	514
390	330
300	41
428	408
316	109
563	491
283	118
309	191
390	316
320	121
206	305
282	48
386	314
267	86
309	188
494	395
224	310
278	328
117	346
480	328
417	261
247	384
273	431
421	434
354	447
360	107
546	455
336	86
288	122
376	461
273	158
321	108
309	28
463	519
300	15
250	257
189	497
163	282
89	442
139	369
269	233
292	16
259	170
342	211
418	227
302	5
365	223
308	22
301	48
344	85
447	357
126	515
201	280
305	75
378	302
312	67
261	73
382	372
220	178
541	422
138	514
360	423
346	93
300	170
304	11
332	61
266	244
201	321
201	267
231	170
337	381
334	488
329	59
239	411
350	119
320	143
188	311
121	419
331	137
331	377
311	200
129	463
295	77
306	51
259	397
293	93
135	288
372	186
314	481
387	321
342	97
400	472
303	35
284	73
288	145
529	450
390	334
498	408
66	474
371	131
180	349
373	261
167	283
233	291
284	86
326	92
432	500
545	475
314	85
301	71
424	487
51	503
374	209
267	435
312	57
132	486
502	398
300	5
153	372
292	44
228	151
345	172
310	123
256	87
466	292
324	133
332	392
354	426
191	196
328	211
314	301
205	182
226	270
288	288
300	2
477	396
339	183
359	300
278	68
367	153
295	134
336	100
156	341
530	485
426	356
316	32
159	314
318	41
458	371
106	397
156	356
102	393
519	443
55	519
348	109
272	88
217	246
247	275
410	339
388	204
466	316
159	513
212	331
297	368
373	199
414	479
300	2
456	516
428	349
357	373
74	396
552	476
418	318
290	255
264	195
312	22
203	470
203	414
460	298
412	334
198	389
433	265
250	91
347	150
258	380
309	55
294	78
63	500
182	279
346	177
540	427
313	32
562	482
253	93
307	20
442	379
548	486
408	364
515	483
536	488
344	181
293	290
174	230
342	504
266	264
447	282
279	38
280	75
228	279
215	490
98	448
231	463
424	364
353	142
245	238
315	86
464	344
74	405
266	256
287	384
439	382
259	119
327	138
193	196
433	420
336	123
154	292
377	262
257	248
273	106
188	492
82	428
417	257
281	280
248	517
314	428
309	61
367	157
346	324
413	480
326	298
335	396
393	164
326	62
175	245
438	308
296	26
279	67
345	470
297	13
284	58
329	436
338	177
287	159
290	348
443	291
44	472
201	178
310	22
91	518
271	104
331	256
298	489
301	4
310	213
454	321
159	485
322	147
547	486
324	83
293	80
234	166
448	399
219	425
283	207
334	251
252	354
335	114
62	448
226	372
278	99
377	137
420	345
300	1
287	339
143	496
286	73
304	9
438	498
186	469
298	18
215	409
294	23
468	416
299	28
306	18
344	137
472	457
241	310
363	276
458	338
250	156
39	514
443	398
293	38
289	68
356	135
388	403
261	79
424	272
559	517
381	328
319	68
411	205
302	6
300	4
225	312
212	170
393	345
244	241
375	320
491	349
246	435
358	451
430	371
344	97
489	345
209	411
307	16
259	331
242	106
479	505
533	438
229	183
289	176
299	9
427	508
107	390
408	237
329	230
349	148
204	396
271	126
385	193
300	254
250	277
532	479
385	227
226	187
366	125
322	248
331	288
345	226
329	77
382	500
167	275
252	386
226	370
244	383
201	481
282	494
300	2
448	370
308	20
298	263
319	72
184	343
154	325
338	197
201	179
257	148
253	442
510	381
205	274
300	332
303	20
416	325
346	341
267	132
367	223
260	267
57	430
296	257
334	73
328	184
360	196
577	500
329	264
236	448
473	448
468	327
316	332
460	505
394	270
309	140
269	134
337	454
293	89
248	132
444	401
581	495
300	3
299	4
259	261
306	23
275	50
293	35
293	33
99	367
485	340
302	15
486	405
398	417
365	386
397	319
330	98
277	47
267	89
318	60
327	68
175	296
267	65
331	158
534	442
281	483
305	79
295	80
198	242
427	314
341	190
320	156
247	295
319	456
423	238
219	272
512	436
337	286
181	323
538	447
319	146
256	248
324	54
206	469
180	352
262	266
381	282
448	313
469	323
319	38
388	331
159	448
135	287
298	190
109	332
183	283
358	154
327	58
349	181
323	241
308	380
177	235
352	107
275	273
301	67
262	333
492	374
335	478
176	315
400	332
295	91
269	58
347	390
342	432
411	201
363	350
308	326
305	11
161	267
313	63
179	379
288	390
346	442
297	125
391	287
376	224
271	283
271	81
260	380
300	2
198	384
224	182
360	235
414	332
274	101
243	293
328	59
318	324
277	500
319	92
334	102
304	424
451	403
320	133
327	354
339	412
330	153
510	450
178	516
414	474
286	371
213	202
166	277
326	102
330	412
206	224
282	106
267	222
402	324
299	28
330	313
336	483
290	21
373	164
343	501
132	489
276	50
283	115
383	288
427	479
263	402
279	114
305	69
227	224
374	280
288	82
381	268
170	413
456	358
300	4
310	378
424	513
331	190
181	214
267	372
181	356
309	300
433	254
279	233
267	81
197	236
275	55
168	324
542	474
484	487
263	384
107	512
303	46
365	276
217	298
232	157
229	201
307	36
235	230
211	242
327	456
221	148
369	253
381	282
279	112
481	432
387	178
50	444
345	274
350	260
374	442
319	247
365	287
329	254
216	284
147	289
236	189
207	216
304	22
300	7
400	194
218	269
300	2
42	476
345	446
358	500
437	281
221	221
317	150
134	515
448	499
184	463
243	481
295	52
231	413
185	254
304	54
296	17
172	458
294	29
274	311
306	106
183	412
310	145
240	268
333	465
374	508
246	126
351	462
232	255
187	274
381	203
309	47
254	215
362	349
231	261
299	163
306	148
269	99
227	346
226	413
316	435
214	237
387	274
275	181
403	209
450	380
378	293
175	268
141	461
218	153
284	80
229	234
414	247
328	86
408	404
383	261
284	49
291	53
354	198
309	28
213	432
373	228
197	246
261	203
258	93
159	356
252	196
225	349
477	326
443	322
352	169
287	45
371	346
482	405
318	513
312	166
398	174
301	19
165	254
444	497
308	152
274	133
427	235
309	74
242	516
341	186
304	16
273	53
127	507
289	361
477	439
349	142
566	480
181	230
254	483
354	450
298	18
310	102
296	47
382	412
426	442
264	80
161	274
471	351
443	288
506	425
394	190
304	35
409	302
549	448
300	155
300	2
235	356
272	187
415	431
250	334
300	47
185	316
147	432
253	293
409	284
300	2
299	90
271	150
339	416
214	165
389	518
158	259
300	7
453	339
230	407
266	468
166	306
363	264
456	333
396	379
319	62
320	465
362	194
340	106
235	273
217	153
493	423
214	448
311	190
455	297
92	481
222	311
553	462
348	174
370	125
283	75
297	81
139	345
278	76
193	318
383	438
317	43
310	68
359	139
299	250
323	80
138	413
270	303
311	162
289	25
148	350
515	465
186	304
401	357
343	229
299	6
192	427
303	226
249	147
303	33
395	445
288	481
332	199
341	165
254	367
460	407
364	282
139	347
277	70
352	292
237	117
391	254
294	23
547	513
373	130
353	107
287	280
266	507
408	375
407	318
338	362
316	107
333	264
70	426
325	267
255	276
266	293
330	417
348	257
355	102
443	280
383	151
115	343
237	139
277	221
348	450
330	83
299	49
249	450
302	11
399	517
507	468
204	319
340	179
386	269
319	46
379	455
477	313
245	127
112	444
101	406
407	313
307	486
196	377
152	433
236	216
229	508
323	136
514	417
541	513
163	355
452	291
325	201
302	15
277	172
308	16
214	300
300	518
326	93
266	164
302	279
75	441
76	510
162	277
274	500
230	281
256	85
236	247
300	2
221	239
293	18
526	394
106	509
277	370
295	128
247	130
371	355
242	122
332	237
301	17
283	167
354	416
350	378
145	372
464	377
249	115
422	274
437	325
303	170
457	280
262	107
232	165
130	333
303	324
286	110
320	419
302	11
300	53
294	28
193	217
334	119
289	62
460	496
484	500
362	183
267	109
240	270
222	339
86	401
257	218
421	259
395	429
286	144
272	119
293	17
330	190
285	446
151	440
251	176
284	200
299	41
299	5
297	179
456	279
298	173
370	432
318	67
306	27
257	255
438	362
274	116
199	335
398	262
386	342
300	12
212	168
337	422
300	7
321	374
253	192
256	234
304	15
344	99
257	99
444	474
429	237
291	80
318	55
291	56
311	23
350	240
123	513
79	485
219	312
257	90
354	135
427	266
252	99
297	23
354	155
428	420
301	55
297	20
305	106
300	73
213	165
315	39
544	441
326	79
295	17
160	442
492	502
160	453
289	43
404	274
300	140
247	158
382	463
152	307
366	211
333	86
336	122
208	310
386	326
259	134
420	442
386	474
280	164
278	132
419	323
230	276
577	504
167	369
131	321
287	145
418	336
336	159
440	480
161	372
367	145
234	272
325	372
306	24
310	503
266	190
131	389
277	41
307	22
346	397
531	507
400	238
307	24
326	323
304	28
277	453
180	471
271	86
312	67
376	358
389	248
113	402
261	507
461	411
341	176
346	361
294	332
295	79
568	496
182	302
159	248
107	488
315	33
264	286
300	2
360	125
284	53
300	1
59	515
309	79
280	225
47	459
346	271
300	325
309	87
275	175
176	339
194	312
200	475
354	470
243	168
311	35
355	105
306	28
444	384
294	239
273	130
417	284
287	313
350	344
86	436
298	6
158	513
216	232
290	217
296	73
541	490
314	215
25	500
295	237
218	322
586	517
411	256
342	80
444	353
207	170
173	508
320	41
337	233
527	492
279	460
234	222
274	164
292	487
413	423
364	145
289	66
242	503
297	238
151	264
297	26
294	141
285	91
212	155
452	432
289	50
365	501
198	250
326	128
377	493
196	420
203	480
171	409
383	183
208	519
297	155
273	91
119	374
321	43
218	380
281	75
377	181
337	109
267	162
378	338
404	249
383	278
242	108
297	287
209	315
149	345
308	36
321	110
277	166
404	219
358	211
363	427
300	2
300	411
228	492
273	48
269	303
286	39
366	231
288	30
362	138
303	41
307	355
290	30
320	121
348	280
128	448
227	340
395	371
312	119
370	439
368	407
288	306
265	69
256	145
212	314
67	508
303	30
215	385
300	42
187	202
329	416
211	255
314	166
223	269
334	198
306	193
489	365
527	446
324	433
226	135
149	277
522	448
357	113
289	234
298	13
61	434
141	319
353	105
225	235
363	478
292	45
403	393
175	390
173	498
254	506
478	514
313	131
311	61
348	123
171	263
293	333
134	367
325	129
164	248
304	36
288	88
171	303
307	44
422	508
448	330
349	109
301	61
335	129
236	141
190	504
347	170
213	169
303	416
230	138
246	419
302	53
362	132
318	324
245	269
372	416
403	230
432	455
369	147
308	25
329	113
292	31
364	136
283	99
393	425
283	181
307	15
438	288
97	432
260	155
439	351
311	43
302	227
260	145
175	235
229	128
304	10
257	213
418	317
180	348
313	284
299	15
393	244
344	254
548	442
294	282
317	36
274	92
267	89
355	248
159	334
247	422
316	38
235	131
311	362
375	291
301	53
251	263
263	138
322	338
325	98
334	172
314	385
420	269
251	121
291	19
331	190
303	223
112	356
221	393
356	189
418	270
435	361
309	40
260	82
317	125
275	119
315	74
350	147
352	343
348	280
296	176
300	5
231	300
287	74
301	4
192	299
348	263
246	431
198	427
402	340
377	354
226	178
368	420
318	52
477	372
396	265
164	280
200	316
457	377
166	246
304	300
308	327
302	147
582	505
298	107
296	48
415	205
505	371
314	398
311	80
168	466
350	346
300	451
300	2
363	341
425	509
240	111
312	54
353	94
306	268
317	66
130	394
291	70
313	58
216	501
342	242
140	371
250	315
379	468
366	480
359	494
403	226
311	48
161	467
358	273
263	372
290	47
489	360
210	196
433	300
278	377
411	220
377	306
429	267
324	81
237	405
495	348
444	509
275	47
208	215
241	481
142	386
206	203
167	261
345	468
272	54
477	357
302	9
310	392
149	456
561	517
343	385
338	316
266	125
227	151
450	292
330	76
300	411
165	452
303	17
138	287
279	159
450	269
508	478
264	100
431	327
309	287
361	282
116	519
255	284
268	78
498	423
321	75
398	253
308	329
242	141
262	73
432	232
257	405
412	452
253	113
286	54
306	146
254	452
301	6
236	175
570	484
295	209
269	59
221	167
417	430
110	366
262	121
270	203
341	336
345	257
500	435
158	491
351	339
376	183
220	192
266	219
378	277
300	371
246	100
349	220
346	432
482	494
340	407
199	484
493	359
385	513
300	3
344	108
300	4
425	261
353	176
303	26
338	80
294	94
156	259
294	121
202	480
294	227
306	14
307	280
188	254
345	142
319	48
271	288
300	218
306	58
126	507
405	275
264	149
360	158
236	158
285	409
181	378
138	428
299	476
261	114
311	42
395	218
442	371
272	180
207	274
162	344
515	379
340	133
259	201
385	320
295	42
240	125
483	379
464	384
378	337
234	250
165	396
99	419
302	34
244	244
295	13
100	407
283	143
325	457
292	168
315	72
355	203
304	301
304	12
440	280
330	263
519	519
248	317
366	186
300	11
249	93
381	390
450	410
232	135
239	145
372	472
287	31
300	9
424	286
272	170
267	74
242	413
265	73
169	513
424	387
300	314
300	8
344	446
169	230
261	137
392	172
208	206
261	345
511	377
293	118
218	264
292	109
268	111
297	9
277	51
298	12
205	254
456	321
142	504
201	389
294	28
375	316
300	2
187	242
440	495
361	191
257	303
338	339
339	136
296	171
205	203
82	498
187	402
300	5
249	115
249	320
300	55
308	34
317	163
364	151
221	413
350	124
336	169
300	2
220	452
477	413
291	230
449	399
367	186
300	9
406	284
338	179
338	368
243	128
268	318
135	359
309	77
367	191
63	416
300	3
368	451
209	261
211	306
436	320
156	513
352	109
387	464
239	231
260	145
299	16
299	8
178	358
425	219
195	441
246	415
344	170
314	28
290	125
344	319
384	519
281	62
461	372
302	33
219	165
299	6
350	209
207	252
426	222
290	25
409	192
491	332
85	485
318	53
323	216
255	472
335	64
497	390
280	99
96	403
241	111
326	54
317	180
465	519
432	400
321	40
350	421
300	15
303	416
279	119
195	286
285	203
230	363
290	335
291	432
279	141
179	310
312	118
418	314
412	233
216	324
119	447
276	329
391	298
235	200
430	482
295	102
349	448
299	3
254	173
280	72
482	377
317	205
313	203
236	410
280	377
299	5
265	86
298	6
350	194
312	35
294	250
250	226
78	432
239	161
93	448
295	58
298	287
293	20
182	257
320	148
374	365
273	73
343	335
300	86
173	267
258	428
333	73
335	115
327	86
301	101
204	331
368	229
384	232
257	124
42	491
332	114
380	168
215	257
296	17
358	237
349	163
270	86
400	216
361	192
289	48
382	353
395	291
246	280
380	156
360	145
307	371
526	399
303	99
405	416
236	267
203	347
243	105
562	465
291	28
251	267
312	511
273	61
265	402
362	175
221	213
279	244
162	396
506	433
422	408
364	348
436	271
290	25
101	397
118	424
375	382
179	222
300	64
191	515
276	43
394	229
299	21
253	403
376	205
195	414
252	90
189	476
281	95
287	96
378	397
373	453
432	252
287	353
501	376
275	456
367	120
328	277
257	150
198	271
140	357
291	287
160	338
319	124
142	345
305	16
374	270
187	405
440	494
468	368
305	166
539	504
288	41
396	296
275	197
316	36
356	300
249	431
258	78
370	159
296	50
338	119
319	198
223	277
274	119
287	99
347	300
293	15
146	341
223	299
302	137
414	277
295	357
351	201
194	307
305	508
246	432
293	160
452	312
300	2
317	35
553	494
375	184
306	392
212	383
437	283
166	287
340	309
230	178
303	11
331	245
249	106
199	497
424	283
223	260
437	455
297	264
296	28
279	80
108	410
299	9
524	416
361	122
341	93
98	468
224	206
503	500
186	251
270	111
207	327
466	394
296	64
330	160
360	203
415	302
71	418
227	352
312	42
401	445
275	89
408	398
343	417
354	132
416	300
352	407
355	326
419	370
203	378
336	377
455	386
270	73
265	121
357	177
276	216
470	351
339	69
259	459
281	159
341	491
279	305
442	377
265	139
332	242
130	367
451	352
248	253
279	94
153	455
386	286
384	172
304	25
306	155
369	458
44	469
268	130
271	426
318	371
300	134
409	470
437	351
535	511
186	270
435	330
294	38
332	139
332	166
516	452
389	222
416	291
340	155
368	283
281	306
344	214
296	142
493	429
303	96
369	200
437	321
419	325
294	410
303	28
438	496
319	48
288	122
306	119
557	468
194	319
414	410
507	365
306	72
236	287
341	90
388	406
257	168
395	341
506	469
345	133
439	320
407	383
314	57
250	501
266	64
344	246
234	519
302	83
451	276
162	403
236	170
301	337
219	218
155	339
329	172
330	377
312	442
390	239
308	154
384	174
347	272
388	397
222	152
212	187
165	337
310	73
301	293
590	515
323	387
338	403
345	164
273	99
119	383
290	131
329	429
317	124
470	424
400	190
230	127
289	265
483	468
366	120
253	430
234	149
129	487
397	205
245	261
371	480
320	70
249	168
333	518
315	237
300	36
290	429
135	440
366	509
256	93
277	82
107	423
188	323
331	301
269	288
215	194
230	298
309	24
172	427
166	435
332	138
211	505
77	396
158	406
336	147
194	209
458	394
449	434
250	154
277	57
406	209
321	83
199	442
331	62
348	168
384	177
459	356
244	139
317	95
85	451
425	319
297	467
444	358
300	13
300	110
241	267
280	410
178	277
335	254
499	433
322	49
142	285
264	91
230	496
285	208
313	28
285	162
367	174
326	56
256	473
246	257
230	332
420	221
269	370
308	414
171	442
541	446
358	201
246	95
458	293
302	429
297	119
174	499
303	7
345	86
373	263
310	53
334	295
244	377
328	57
374	415
359	199
49	484
332	121
246	491
270	89
175	345
189	212
185	279
224	180
424	282
308	24
443	449
391	429
366	274
375	153
303	488
361	431
346	394
350	318
230	167
224	134
210	432
353	129
568	490
178	491
268	435
508	437
188	224
287	139
211	178
464	403
269	160
440	248
378	306
300	357
322	151
581	501
284	40
419	267
214	251
214	348
207	306
296	180
451	282
264	144
279	47
203	173
449	433
251	198
509	514
95	419
297	61
255	95
496	507
186	454
186	222
249	147
524	447
448	489
19	488
398	385
301	5
292	128
493	353
315	43
323	41
222	246
293	93
406	320
203	197
347	153
300	235
303	398
298	89
377	354
193	425
214	358
342	386
305	29
356	300
358	364
294	43
363	391
305	22
82	456
319	498
379	371
289	29
195	290
445	267
375	374
134	496
360	315
145	491
321	93
238	345
576	508
437	369
313	62
218	409
200	342
248	398
329	57
427	331
150	444
289	225
341	308
276	153
95	514
272	56
267	482
191	196
340	225
286	35
278	280
282	49
281	73
284	369
390	189
282	255
189	403
302	5
473	435
400	377
220	196
281	87
328	137
199	293
542	498
327	123
492	434
292	35
63	464
374	209
302	8
197	333
266	136
436	349
190	392
295	33
305	35
282	163
373	231
361	167
276	381
328	515
330	79
424	351
345	82
323	52
94	465
290	30
272	59
300	24
213	365
159	270
403	400
467	385
318	54
203	309
181	429
525	409
245	242
370	447
299	268
318	154
526	412
362	311
226	183
305	21
280	95
319	52
307	46
199	229
370	382
303	154
68	482
77	399
279	65
512	456
344	94
295	93
301	24
260	258
361	121
294	279
378	180
301	139
141	333
366	340
327	457
221	219
281	294
317	404
270	84
380	142
65	465
299	194
317	496
139	430
160	397
332	216
93	483
317	500
311	342
346	461
286	86
284	43
335	191
250	147
227	183
277	199
314	361
203	293
404	319
228	430
116	379
336	364
305	35
345	243
394	193
307	227
146	457
188	247
456	310
426	336
307	117
355	100
338	488
193	292
292	403
312	496
269	197
296	14
342	130
358	221
387	476
253	115
281	54
288	114
299	5
347	118
513	474
200	347
126	423
301	4
361	397
127	321
156	441
339	160
309	54
300	5
357	151
496	423
243	500
386	320
453	500
428	372
154	462
166	465
316	157
226	345
309	164
323	41
350	143
320	257
239	142
253	307
233	211
417	217
427	419
320	59
563	480
106	443
278	158
304	237
370	207
403	249
292	17
234	371
283	115
394	271
302	363
175	500
316	89
322	136
347	437
154	276
372	510
314	67
298	57
297	103
279	123
327	256
441	363
264	354
304	49
356	486
141	350
309	28
300	34
403	420
253	334
210	387
441	283
363	437
301	471
163	310
298	248
341	117
373	163
302	250
148	306
187	258
304	273
277	112
283	49
250	316
235	494
305	55
294	15
356	138
153	330
346	334
322	72
192	275
335	119
144	423
262	150
268	197
431	437
266	336
432	329
162	407
290	80
309	319
133	423
366	191
187	246
267	104
446	276
342	95
219	232
330	191
203	367
327	443
275	230
450	328
444	428
325	68
276	403
297	106
303	114
286	54
305	303
249	199
335	389
296	325
289	167
220	473
433	280
308	60
429	429
362	320
300	5
315	258
429	373
243	418
322	43
335	145
44	518
342	372
544	430
307	168
94	396
357	240
320	301
324	47
280	150
327	193
278	411
426	393
150	461
300	48
422	299
283	194
456	415
370	261
353	128
277	241
66	423
275	188
233	243
69	513
268	66
340	157
291	44
324	157
401	468
173	316
116	360
325	103
277	196
320	50
286	265
272	288
148	332
533	509
343	105
310	305
314	193
343	154
326	114
227	351
96	433
371	497
453	406
234	359
277	495
539	463
348	291
324	491
361	507
314	49
145	279
210	163
298	8
292	71
279	108
304	51
440	460
464	306
282	171
297	88
563	489
346	196
209	171
355	336
494	481
329	185
193	467
316	66
164	406
320	36
377	225
172	356
309	32
329	146
515	473
500	387
326	112
314	26
337	105
480	511
481	467
262	68
423	286
338	119
526	433
355	170
237	486
349	312
359	226
313	293
350	104
305	49
161	307
442	416
230	125
409	391
293	27
159	332
327	123
349	210
296	43
274	181
339	97
217	327
234	170
411	308
306	74
411	509
204	239
277	177
324	168
310	477
223	145
75	468
189	268
307	433
353	395
345	230
303	410
310	423
226	262
270	187
192	279
416	328
268	255
257	167
523	489
143	429
213	159
248	114
301	158
211	474
389	280
300	11
301	454
313	323
348	123
251	245
301	121
324	384
150	275
415	375
284	464
356	151
408	460
347	202
294	374
150	314
141	473
385	351