104	418
282	103
251	91
84	440
278	157
328	248
291	410
303	11
350	216
123	403
347	84
208	209
341	176
288	36
215	298
368	236
280	379
443	453
289	76
499	370
278	57
309	41
300	10
311	360
190	492
334	89
423	430
228	294
216	460
196	405
494	507
402	406
263	415
297	143
136	426
430	392
99	440
287	66
412	474
293	190
405	193
451	338
176	220
373	143
168	326
305	273
274	73
365	346
300	157
304	482
198	475
313	83
300	2
301	6
137	432
370	145
242	380
302	254
181	474
431	367
317	41
294	13
401	329
273	306
227	462
60	432
241	352
363	304
315	257
435	296
332	385
249	318
295	413
521	389
299	78
357	120
290	222
327	166
355	204
334	169
296	56
348	103
305	25
293	90
232	132
221	314
476	308
453	309
274	70
241	221
258	254
202	320
251	140
298	13
436	505
252	369
285	149
352	182
317	63
406	387
235	436
372	505
312	37
427	422
73	415
421	519
286	269
203	353
309	104
228	385
226	414
300	45
220	296
326	87
508	378
381	188
360	121
294	112
300	2
307	106
280	443
300	18
315	31
311	440
232	239
225	445
499	384
265	73
300	87
418	423
344	315
295	56
394	170
305	404
273	104
209	265
271	175
309	41
69	419
527	513
392	390
172	400
434	323
407	188
328	83
233	142
102	519
362	392
284	61
227	274
243	177
232	238
271	182
261	344
305	293
230	141
227	258
448	494
160	257
253	116
381	379
551	452
270	86
372	271
333	72
306	483
249	348
390	501
285	367
359	382
175	252
290	76
465	328
331	263
162	336
293	47
300	170
253	513
331	79
186	383
284	372
331	374
156	356
197	406
269	112
359	432
292	199
308	134
463	306
282	303
230	443
425	449
257	147
294	84
419	455
190	314
306	67
358	114
259	196
173	505
162	304
199	300
348	222
297	63
176	317
360	122
200	195
523	435
282	136
456	281
198	375
355	424
297	10
276	487
421	433
375	329
249	157
330	313
306	237
400	298
356	261
159	332
475	345
458	275
285	184
384	169
221	247
204	314
145	474
333	389
336	167
141	451
414	494
141	284
317	41
437	286
332	451
242	370
175	317
403	254
289	54
142	461
313	74
235	196
353	206
384	287
280	86
286	50
300	267
301	317
300	390
357	115
89	432
238	286
317	55
261	192
264	99
139	280
285	81
285	45
294	20
269	92
339	81
168	441
362	261
344	240
315	95
195	213
260	385
320	108
408	243
290	359
203	463
272	96
356	103
106	455
137	415
392	494
462	329
170	302
372	208
342	136
387	384
422	263
242	399
320	58
52	486
200	260
298	111
226	172
283	336
184	253
251	315
71	430
211	512
131	297
422	351
157	462
265	131
315	48
250	257
112	339
365	170
328	125
337	387
323	46
376	298
287	175
338	101
298	24
285	273
402	367
315	70
315	42
146	423
300	37
529	457
293	75
300	3
213	210
177	389
300	98
288	377
298	18
268	519
121	405
306	48
393	253
115	405
99	365
332	275
415	489
332	512
447	274
246	468
212	164
318	184
268	59
305	86
326	257
279	43
242	174
239	134
344	159
153	371
269	490
377	248
215	328
451	505
295	90
302	103
407	193
139	458
265	303
318	56
354	377
100	502
295	11
399	220
249	415
225	180
136	320
519	429
341	84
447	516
369	127
245	116
62	507
248	391
281	89
165	477
463	430
304	30
200	416
261	126
306	450
322	476
294	105
264	416
391	211
163	262
302	38
501	398
148	371
274	163
190	333
429	450
124	309
456	469
417	320
300	2
304	150
468	357
219	281
87	492
281	506
389	183
247	337
144	440
274	50
152	374
235	287
284	109
168	481
286	79
283	73
205	287
354	128
118	389
386	241
311	24
203	480
437	377
234	281
361	235
429	277
52	477
165	386
284	183
309	259
280	459
220	144
183	246
453	368
305	17
246	128
396	487
290	19
161	410
387	463
53	501
285	35
289	476
211	509
513	371
287	151
310	61
293	105
249	216
297	313
304	16
289	48
236	128
262	257
424	305
359	105
528	429
201	301
299	481
533	432
312	98
228	391
344	217
226	427
259	441
225	373
300	11
417	231
545	487
428	290
268	377
271	364
388	388
363	315
131	485
253	129
291	372
232	151
312	134
254	86
300	2
408	424
309	20
351	315
296	113
287	357
323	58
66	418
152	379
349	151
394	444
425	459
425	384
323	78
449	290
300	2
285	203
321	315
314	36
223	219
259	131
198	206
219	364
284	481
455	427
264	414
373	461
311	473
233	248
273	67
119	487
180	261
397	285
487	328
296	22
27	496
170	429
392	493
380	385
422	283
336	248
422	236
337	77
260	235
495	347
284	306
184	374
294	17
291	96
257	86
396	435
319	40
299	8
234	138
270	289
280	67
465	304
175	238
143	455
199	222
312	177
290	54
421	411
176	310
254	271
229	346
257	116
302	28
363	232
240	147
175	274
323	195
386	235
105	430
125	443
211	248
301	16
294	21
287	203
16	509
432	395
361	256
287	450
258	364
271	53
190	202
447	353
300	1
280	300
324	68
329	83
266	356
130	305
322	119
306	33
372	207
293	429
402	386
304	250
498	354
208	275
110	468
133	510
327	205
162	300
171	287
392	363
265	185
293	296
365	298
389	314
306	13
227	188
359	125
184	306
254	257
266	111
164	406
214	232
95	449
571	507
245	158
155	255
336	186
241	125
261	90
149	368
288	302
210	242
263	326
548	518
340	196
221	221
323	300
141	487
467	415
346	163
581	507
321	45
329	75
536	498
520	511
222	316
218	182
239	137
55	428
298	27
271	105
296	309
464	402
309	47
323	435
357	190
437	442
394	187
337	221
302	6
299	5
175	325
311	205
240	415
300	2
181	410
218	162
287	32
296	383
258	242
40	495
315	78
113	403
304	35
344	235
322	63
84	483
300	25
183	373
432	259
142	393
162	343
169	368
554	500
234	254
104	412
300	8
213	361
197	458
179	220
208	457
479	403
292	28
83	427
277	84
361	311
135	348
264	124
261	101
290	163
330	193
300	2
294	130
494	490
495	395
319	53
165	361
345	423
514	411
434	304
302	177
283	391
412	517
328	206
256	295
185	235
152	452
185	298
337	468
300	313
159	280
307	53
382	150
419	377
260	244
259	103
106	477
258	123
156	348
297	133
489	364
532	498
362	384
511	489
298	120
181	420
300	13
370	364
358	203
362	384
514	424
219	351
333	446
209	288
218	171
295	243
281	55
323	73
376	189
374	131
395	176
538	510
388	242
538	438
265	169
238	181
227	519
238	153
359	410
287	54
190	448
236	222
250	267
301	306
281	75
294	420
425	337
318	120
294	23
297	293
171	241
299	42
388	470
347	449
94	362
295	106
323	482
495	345
223	408
264	121
278	69
287	254
296	140
277	320
472	337
211	207
302	11
300	171
315	53
157	449
322	115
291	114
250	230
356	100
110	348
409	487
215	306
334	67
354	203
278	412
142	423
474	392
217	180
238	112
369	213
187	442
304	24
428	408
252	117
297	144
220	504
480	423
321	49
327	351
334	150
139	370
336	205
368	445
284	305
459	379
286	75
299	232
268	74
288	73
267	383
69	410
232	223
468	425
300	64
250	487
241	177
297	66
270	170
527	476
528	399
346	103
473	356
239	193
278	143
363	256
380	172
199	216
300	14
307	29
340	257
479	315
480	409
215	248
318	419
180	296
303	35
254	171
170	436
299	4
124	374
144	280
228	356
311	117
355	117
132	429
412	245
334	111
245	146
128	497
263	153
308	29
309	215
360	137
283	279
578	496
393	333
326	298
466	347
317	93
358	397
246	402
291	107
228	268
326	194
577	504
347	456
316	117
200	353
297	410
334	73
325	157
461	456
405	481
236	277
297	151
291	26
216	247
434	326
432	467
189	232
272	132
143	500
301	302
287	95
306	37
290	26
521	441
397	364
237	517
27	507
282	72
268	401
396	458
362	302
450	442
362	359
349	117
439	299
238	313
180	274
122	406
272	168
300	140
298	6
289	28
410	448
311	51
512	425
287	54
537	456
224	345
398	382
498	482
329	88
438	246
282	44
341	84
262	274
78	438
314	348
327	99
288	32
460	328
72	495
319	105
359	189
212	306
277	217
390	281
212	421
198	209
210	175
300	2
291	335
264	95
323	447
317	78
358	179
305	64
226	403
306	78
205	189
181	351
300	254
378	216
297	12
315	50
266	64
309	39
303	35
535	424
193	470
213	252
242	408
250	442
429	398
307	127
319	73
369	391
254	394
301	45
264	112
154	397
156	357
310	465
385	252
306	25
305	86
211	215
321	77
240	179
409	281
290	332
230	220
102	366
294	78
356	235
498	429
315	99
355	402
304	334
503	477
261	131
304	478
277	314
272	50
314	189
382	433
315	177
17	494
334	215
332	61
286	41
441	424
468	319
411	449
399	216
291	35
465	371
208	164
300	7
443	304
340	345
528	397
265	312
211	248
296	18
295	11
217	475
410	297
305	44
170	298
363	384
363	425
333	109
401	262
499	346
410	364